0 0 0 1 1 1 0 0 0 0 0 0 1 1 1 1
1 1 0 1 1 1 0 0 0 0 0 0 0 0 1 1
1 1 0 0 0 1 1 1 1 0 0 0 0 0 1 1
1 1 1 0 0 0 1 1 1 1 0 0 0 0 1 1
0 0 1 1 1 0 0 0 0 0 0 1 0 1 0 0
1 0 0 0 0 0 1 0 1 1 1 1 0 0 0 1
0 1 0 0 0 0 1 1 0 0 0 1 1 1 1 0
0 0 0 0 0 1 1 1 1 1 1 0 1 0 0 1
1 1 0 1 1 1 1 1 0 1 0 0 0 1 0 1
1 1 0 1 1 1 1 1 0 0 1 0 0 0 1 1
0 0 0 1 0 1 1 1 0 0 1 0 0 0 0 0
1 1 1 1 1 1 0 0 0 1 0 1 1 1 1 1
1 0 0 0 0 1 1 1 1 1 1 0 0 0 1 1
1 1 1 1 1 1 1 1 1 1 0 0 0 0 0 0
0 0 0 0 1 1 1 0 0 0 1 1 1 1 1 1
0 0 0 1 1 1 1 1 1 0 0 0 1 1 1 0
8 8 8 9 9 9 12 12 12 19 19 19 18 18 18 11
11 11 17 16 16 16 10 17 17 10 10 40 26 26 27 27
27 34 28 28 28 32 36 32 32 35 40 40 35 35 57 57
57 36 36 44 44 44 50 34 34 50 33 33 33 26 41 41
51 58 48 48 48 58 58 51 51 76 49 75 74 75 74 74
75 65 65 65 76 76 92 67 73 73 73 52 89 72 72 52
72 52 67 67 89 89 68 68 146 146 146 66 66 66 68 105
105 105 98 98 98 145 145 145 147 147 147 24 41 116 116 59
59 59 42 88 88 104 20 88 100 104 24 24 91 104 84 99
99 25 112 43 43 43 25 25 60 60 99 96 96 96 20 20
139 139 139 50 91 64 64 113 42 42 64 112 112 114 114 114
90 90 90 97 97 97 100 100 91 113 116 115 113 115 92 115
92 84 84 49 49 108 108 108 138 138 106 56 56 56 106 124
106 124 124 83 138 83 83 120 120 120 107 107 107 60 132 132
132 128 128 128 131 131 131 137 137 130 136 136 136 4 4 4
137 130 130 129 129 129 140 140 140 121 121 121 122 122 122 144
