1 0 0 0 0 0 1 1 0 0 0 0 0 1 1 0
0 1 0 1 1 0 1 0 1 0 1 0 0 1 0 0
0 1 1 0 1 0 0 0 0 1 0 0 0 0 0 1
0 0 0 1 0 0 1 0 0 0 0 0 0 0 0 1
0 1 0 0 0 1 0 0 0 0 0 0 1 1 1 1
1 1 0 0 1 1 0 0 0 0 1 0 0 1 1 1
1 1 0 1 0 1 0 1 1 0 1 0 1 0 0 0
0 1 1 0 1 0 0 0 0 0 0 0 0 1 0 1
1 0 0 0 0 1 1 0 1 1 0 1 1 1 1 1
1 0 1 1 1 1 0 0 1 0 1 0 1 0 0 1
0 0 0 0 0 1 0 0 0 0 0 0 0 0 1 1
1 1 1 0 1 0 0 0 0 0 1 0 1 1 1 1
1 0 0 1 1 0 1 1 1 0 1 1 1 1 1 1
1 1 1 1 1 0 0 1 0 1 1 1 0 0 1 1
1 1 0 1 0 1 1 0 1 0 0 1 0 1 0 1
0 1 1 0 1 0 1 0 1 1 1 1 0 0 1 0
36 76 76 72 67 76 108 52 98 107 65 17 100 129 48 33
96 106 89 20 9 72 90 72 48 128 66 128 28 41 44 58
105 25 88 51 75 51 146 58 146 50 107 51 100 100 100 25
89 24 51 120 58 24 52 35 116 35 112 35 17 112 35 59
35 59 49 67 137 41 58 35 74 107 17 67 83 59 131 52
9 52 96 40 147 59 139 96 100 56 97 107 100 97 138 131
106 138 100 48 100 97 24 41 97 139 48 116 83 146 139 139
116 138 138 139 41 146 146 146 146 146 146 146 26 73 35 92
90 51 51 146 114 120 27 35 75 27 35 120 41 41 92 27
41 35 41 27 27 41 44 74 41 107 99 65 99 139 100 99
139 112 98 146 49 48 49 146 146 146 146 146 146 76 48 48
99 27 97 146 48 146 146 146 58 146 52 114 104 66 66 66
4 24 76 113 66 28 27 27 27 26 36 92 88 50 50 88
138 106 88 92 50 28 67 138 19 99 115 97 67 67 120 136
120 106 28 99 67 20 20 139 64 26 33 18 146 106 84 99
139 99 32 26 97 67 99 67 34 34 57 20 33 89 147 67
