0 0 0 0 0 0 0 0 0 0 0 0 0 0 0 0
0 0 0 0 0 0 0 0 0 0 0 0 0 0 0 0
0 0 0 0 0 0 0 0 0 0 0 0 0 0 0 0
0 0 0 0 0 0 0 0 0 0 0 0 0 0 0 0
0 0 0 0 0 0 0 0 0 0 0 0 0 0 0 0
0 0 0 0 0 0 0 0 0 0 0 0 0 0 0 0
0 0 0 0 0 0 0 0 0 0 0 0 0 0 0 0
0 0 0 0 0 0 0 0 0 0 0 0 0 0 0 0
0 0 0 0 0 0 0 0 0 0 0 0 0 0 0 0
0 0 0 0 0 0 0 0 0 0 0 0 0 0 0 0
0 0 0 0 0 0 0 0 0 0 0 0 0 0 0 0
0 0 0 0 0 0 0 0 0 0 0 0 0 0 0 0
0 0 0 0 0 0 0 0 0 0 0 0 0 0 0 0
0 0 0 0 0 0 0 0 0 0 0 0 0 0 0 0
0 0 0 0 0 0 0 0 0 0 0 0 0 0 0 0
0 0 0 0 0 0 0 0 0 0 0 0 0 0 0 0
59 71 71 71 71 68 68 68 68 66 66 66 66 67 67 67
67 64 64 64 64 17 43 27 59 59 61 42 70 16 70 7
70 70 21 13 63 63 63 63 44 44 44 44 10 10 10 10
11 11 65 11 11 9 9 9 9 69 69 69 51 51 51 69
32 5 5 5 59 30 32 32 32 33 33 33 33 65 39 39
39 65 37 37 37 37 57 57 57 57 21 21 46 42 42 14
14 14 18 54 62 62 38 38 38 38 46 19 19 19 19 20
20 20 20 26 65 42 58 22 8 8 8 8 7 7 7 4
62 62 4 4 22 43 43 60 60 60 60 56 56 56 56 55
55 48 48 48 48 58 58 43 25 25 25 25 4 47 47 47
47 55 55 24 24 24 24 35 35 35 35 29 29 29 29 5
21 23 23 23 23 53 53 53 14 54 54 30 27 27 27 6
6 6 6 41 53 36 51 36 36 36 52 52 30 52 41 41
16 16 15 52 46 46 45 45 45 45 40 40 40 40 41 39
34 54 34 18 18 18 16 34 34 61 61 26 26 30 17 17
17 22 22 12 12 61 49 49 49 49 13 31 31 31 31 26
