0 0 0 0 0 0 0 0 0 0 0 0 0 0 0 0
0 0 0 0 0 0 0 0 0 0 0 0 0 0 0 0
0 0 0 0 0 0 0 0 0 0 0 0 0 0 0 0
0 0 0 0 0 0 0 0 0 0 0 0 0 0 0 0
0 0 0 0 0 0 0 0 0 0 0 0 0 0 0 0
0 0 0 0 0 0 0 0 0 0 0 0 0 0 0 0
0 0 0 0 0 0 0 0 0 0 0 0 0 0 0 0
0 0 0 0 0 0 0 0 0 0 0 0 0 0 0 0
0 0 0 0 0 0 0 0 0 0 0 0 0 0 0 0
0 0 0 0 0 0 0 0 0 0 0 0 0 0 0 0
0 0 0 0 0 0 0 0 0 0 0 0 0 0 0 0
0 0 0 0 0 0 0 0 0 0 0 0 0 0 0 0
0 0 0 0 0 0 0 0 0 0 0 0 0 0 0 0
0 0 0 0 0 0 0 0 0 0 0 0 0 0 0 0
0 0 0 0 0 0 0 0 0 0 0 0 0 0 0 0
0 0 0 0 0 0 0 0 0 0 0 0 0 0 0 0
43 43 43 43 27 27 13 59 35 24 24 53 53 53 53 54
67 67 39 67 67 39 40 39 39 7 54 68 18 5 5 5
13 21 4 5 21 21 21 16 16 16 16 19 19 36 52 52
71 55 55 55 44 44 44 44 71 57 57 23 23 23 27 27
18 18 47 45 45 45 45 47 13 13 66 66 66 23 59 59
59 19 19 35 42 42 29 29 29 29 62 62 62 37 37 37
37 14 33 26 22 26 26 26 42 42 70 62 60 60 60 60
22 22 22 8 49 33 33 68 11 11 11 11 7 7 7 4
4 4 20 20 20 10 10 10 10 6 20 54 54 12 71 71
6 6 51 51 55 51 51 50 50 50 50 49 49 12 35 12
12 41 41 41 41 56 48 40 40 40 61 48 48 48 28 8
8 58 35 33 49 61 46 46 46 64 64 47 25 14 25 25
25 24 24 46 14 8 58 32 32 32 68 68 64 31 31 64
28 28 28 14 30 30 30 30 56 56 38 38 34 34 34 34
6 56 69 69 69 70 9 9 9 69 32 70 52 9 38 36
36 38 57 57 18 70 36 61 52 61 66 63 63 63 63 65
