0 0 0 0 0 0 0 0 0 0 0 0 0 0 0 0
0 0 0 0 0 0 0 0 0 0 0 0 0 0 0 0
0 0 0 0 0 0 0 0 0 0 0 0 0 0 0 0
0 0 0 0 0 0 0 0 0 0 0 0 0 0 0 0
0 0 0 0 0 0 0 0 0 0 0 0 0 0 0 0
0 0 0 0 0 0 0 0 0 0 0 0 0 0 0 0
0 0 0 0 0 0 0 0 0 0 0 0 0 0 0 0
0 0 0 0 0 0 0 0 0 0 0 0 0 0 0 0
0 0 0 0 0 0 0 0 0 0 0 0 0 0 0 0
0 0 0 0 0 0 0 0 0 0 0 0 0 0 0 0
0 0 0 0 0 0 0 0 0 0 0 0 0 0 0 0
0 0 0 0 0 0 0 0 0 0 0 0 0 0 0 0
0 0 0 0 0 0 0 0 0 0 0 0 0 0 0 0
0 0 0 0 0 0 0 0 0 0 0 0 0 0 0 0
0 0 0 0 0 0 0 0 0 0 0 0 0 0 0 0
0 0 0 0 0 0 0 0 0 0 0 0 0 0 0 0
26 5 23 23 23 23 11 4 4 4 25 25 5 25 25 4
5 11 11 11 24 24 24 5 24 28 13 13 59 17 26 26
13 13 37 26 6 6 6 6 17 17 17 21 56 56 56 8
56 22 12 21 21 37 31 37 37 21 8 8 22 31 22 22
9 50 50 50 50 12 12 31 12 52 52 9 8 49 58 58
31 18 9 18 9 51 51 51 51 7 18 18 7 58 52 15
15 15 15 7 7 40 19 28 14 58 27 14 19 27 49 52
49 49 42 28 28 42 42 57 57 57 42 48 48 48 57 63
63 35 40 16 16 16 20 16 20 20 20 38 40 14 14 40
63 35 63 35 59 61 61 61 35 27 27 29 61 29 29 29
38 41 41 41 41 36 36 19 19 30 30 30 30 10 10 10
10 36 36 55 55 55 55 53 48 53 44 54 44 54 54 54
53 62 59 59 60 62 62 60 53 38 33 60 60 62 44 38
68 43 44 47 45 68 68 64 47 47 39 46 39 39 43 39
47 33 33 43 43 45 33 46 46 46 45 45 34 32 34 32
32 34 34 32 64 64 64 69 68 69 69 69 71 71 71 71
