0 0 0 0 0 0 0 0 0 0 0 0 0 0 0 0
0 0 0 0 0 0 0 0 0 0 0 0 0 0 0 0
0 0 0 0 0 0 0 0 0 0 0 0 0 0 0 0
0 0 0 0 0 0 0 0 0 0 0 0 0 0 0 0
0 0 0 0 0 0 0 0 0 0 0 0 0 0 0 0
0 0 0 0 0 0 0 0 0 0 0 0 0 0 0 0
0 0 0 0 0 0 0 0 0 0 0 0 0 0 0 0
0 0 0 0 0 0 0 0 0 0 0 0 0 0 0 0
0 0 0 0 0 0 0 0 0 0 0 0 0 0 0 0
0 0 0 0 0 0 0 0 0 0 0 0 0 0 0 0
0 0 0 0 0 0 0 0 0 0 0 0 0 0 0 0
0 0 0 0 0 0 0 0 0 0 0 0 0 0 0 0
0 0 0 0 0 0 0 0 0 0 0 0 0 0 0 0
0 0 0 0 0 0 0 0 0 0 0 0 0 0 0 0
0 0 0 0 0 0 0 0 0 0 0 0 0 0 0 0
0 0 0 0 0 0 0 0 0 0 0 0 0 0 0 0
22 47 47 43 41 48 70 32 58 39 44 64 54 40 23 67
54 51 25 24 31 52 34 37 20 56 4 41 61 40 37 36
13 50 68 64 29 45 27 36 14 59 11 28 17 45 56 23
48 19 33 49 12 65 65 7 31 40 43 40 32 6 28 70
17 7 11 11 12 44 37 37 71 66 52 50 54 25 25 29
35 21 49 47 24 44 4 36 38 45 71 35 63 21 36 4
4 28 44 38 56 48 45 35 21 48 21 58 49 38 47 49
29 35 57 55 63 57 55 9 59 10 46 43 15 28 42 43
16 24 31 60 60 29 5 60 14 23 66 11 15 38 30 66
15 20 66 58 30 58 27 18 18 15 17 18 52 52 60 41
68 17 41 51 64 20 20 50 42 54 16 18 67 50 24 31
7 39 5 42 10 7 71 42 10 23 10 14 56 16 71 16
5 64 57 67 14 13 22 12 13 32 22 12 57 32 9 13
70 9 51 70 30 69 51 19 69 19 69 19 6 39 69 26
5 22 26 27 68 39 26 67 55 59 27 9 25 63 26 59
53 68 53 30 53 53 63 34 62 34 34 33 55 8 65 33
