1 0 1 0 1 0 1 0 0 1 0 1 0 1 1 1
1 0 1 0 1 1 1 1 1 1 0 1 1 1 1 0
1 0 1 0 1 1 1 0 1 0 1 0 0 1 0 1
1 0 0 1 0 1 1 1 1 1 0 0 1 0 0 1
1 1 1 1 0 1 0 0 0 1 1 1 1 0 1 0
0 1 0 0 1 0 1 1 0 1 1 1 0 0 1 0
0 0 0 0 1 0 1 0 0 1 1 1 0 1 1 0
0 1 0 1 1 0 1 0 0 1 1 1 0 1 1 0
1 1 0 1 1 1 0 1 1 0 0 0 1 1 0 1
1 1 0 1 0 0 0 1 1 0 1 0 0 1 0 0
1 0 0 1 0 0 1 0 0 1 1 1 0 1 0 0
0 1 0 0 1 0 1 0 1 1 0 0 0 0 1 0
0 1 1 1 0 0 1 1 1 1 0 0 0 1 0 0
1 0 0 0 0 0 1 1 0 1 0 0 0 0 1 1
0 0 0 1 0 0 1 1 1 1 1 0 0 1 1 0
0 0 0 0 0 0 0 0 1 1 1 0 1 1 0 1
28 36 22 21 12 50 63 31 50 26 60 51 31 10 53 55
6 23 61 44 16 24 14 57 45 30 58 53 57 39 43 50
8 29 37 19 20 18 10 7 37 38 51 44 7 51 54 22
12 23 50 20 54 49 10 37 45 47 48 46 35 48 58 8
18 49 49 49 48 16 48 17 17 8 45 30 49 25 37 29
44 43 48 17 43 54 53 51 29 12 37 28 13 46 30 46
17 29 29 23 41 54 30 46 44 43 28 22 46 10 59 54
23 41 44 55 30 11 51 52 52 41 55 59 19 41 55 23
41 35 31 18 14 8 5 14 14 38 15 11 20 59 13 53
55 59 50 10 13 11 27 59 35 11 8 13 31 43 60 5
53 5 5 22 5 58 20 62 7 47 57 18 7 47 7 27
15 22 56 42 28 3 63 52 63 57 19 52 36 40 63 52
56 57 47 6 40 27 18 6 6 6 38 58 38 14 38 19
35 15 15 15 21 58 12 12 11 47 19 27 27 31 35 24
17 3 3 20 21 62 24 24 26 24 63 62 3 26 26 3
62 36 36 42 13 42 62 60 26 39 16 56 16 16 40 39
