1 1 1 1 0 0 1 0 1 1 0 1 0 1 1 0
1 1 0 0 1 0 1 1 0 1 1 1 1 0 1 1
1 1 0 0 0 1 0 0 0 1 0 0 1 1 1 0
0 0 1 0 0 1 1 1 0 1 1 1 1 0 0 0
0 0 0 0 0 1 1 1 1 1 0 0 1 1 0 1
1 0 1 1 1 0 0 0 0 0 1 0 1 0 0 1
1 0 0 0 1 0 1 0 1 1 1 1 1 1 1 1
0 0 1 0 0 0 0 0 0 0 0 0 0 0 0 0
0 1 1 1 1 0 0 0 1 0 1 1 1 0 1 1
0 0 0 1 1 0 0 0 0 0 0 0 0 0 0 1
0 1 0 0 0 0 1 0 0 0 1 1 1 0 0 0
1 0 1 0 0 1 1 1 1 1 1 1 1 1 1 1
0 0 0 1 0 0 1 1 1 1 1 1 1 1 0 0
1 1 1 0 1 1 0 0 0 0 0 0 1 1 0 1
0 0 0 0 1 0 1 0 1 0 0 0 0 1 0 0
0 1 1 1 0 0 1 0 0 0 1 1 1 1 1 1
22 35 35 20 3 44 28 11 59 57 38 24 36 24 47 25
12 6 7 56 20 29 14 57 60 10 51 6 45 62 63 55
55 35 17 31 27 55 44 23 31 55 17 31 55 8 63 19
42 31 6 3 31 47 18 39 62 24 30 39 35 13 21 13
11 52 42 11 11 51 39 39 24 30 50 50 30 41 11 41
41 42 20 20 20 58 58 7 38 38 37 38 37 56 58 24
43 58 38 48 30 56 43 23 37 18 28 37 49 43 30 37
29 15 39 17 25 29 50 36 36 50 50 25 19 29 17 48
7 43 43 18 28 29 48 25 63 23 4 4 4 48 47 53
15 21 58 49 28 21 27 36 44 15 48 15 36 44 60 28
15 57 23 23 25 54 49 9 17 54 57 4 18 21 7 27
59 21 12 42 7 16 63 57 14 14 14 14 18 16 12 16
56 60 60 12 40 27 16 16 51 12 49 51 53 49 56 52
53 63 51 52 4 35 60 19 40 40 19 13 45 41 52 41
5 13 19 52 47 13 61 5 61 5 40 5 3 45 40 9
9 45 53 59 44 42 45 9 9 5 10 10 53 8 59 8
