2 2 0 3 3 3 3 1 2 1 1 1 3 2 0 0
1 3 3 3 2 2 3 0 2 3 3 2 2 0 0 0
1 3 0 2 3 1 1 3 2 1 2 1 1 1 1 2
2 2 2 2 1 3 1 3 1 3 2 1 0 2 2 0
0 2 1 0 0 1 1 0 1 0 0 3 3 0 0 0
0 0 3 3 2 2 2 3 0 0 3 3 2 3 2 2
0 2 0 1 3 0 3 3 3 0 2 1 2 1 0 3
3 1 0 0 3 0 1 2 0 3 2 2 1 2 3 1
0 0 0 0 0 3 2 3 0 3 2 2 1 1 1 0
3 3 0 1 2 0 0 2 2 3 0 1 1 0 0 2
2 3 1 1 1 3 2 1 0 1 1 0 2 1 1 0
0 2 1 2 0 1 1 1 1 0 2 3 1 3 2 3
1 0 0 1 3 0 1 2 2 3 2 2 0 2 3 3
2 0 2 3 0 2 0 2 1 2 0 0 1 2 2 3
1 1 3 1 0 1 1 1 0 1 3 3 3 1 1 0
0 1 3 1 1 0 1 3 2 1 2 1 1 2 0 2
51 20 27 56 39 37 53 29 51 29 13 31 24 33 41 12
38 30 23 55 52 58 14 44 33 53 40 52 52 25 27 44
48 56 12 52 56 13 16 62 42 15 49 38 38 13 63 19
33 33 33 35 47 40 16 55 16 55 51 45 3 17 51 3
3 51 29 3 44 16 48 60 16 50 3 55 30 44 50 60
44 59 55 39 17 42 17 40 50 12 24 37 20 24 20 20
43 20 43 48 37 43 37 21 37 12 42 48 42 48 12 21
23 38 28 28 24 59 15 58 60 56 58 58 15 58 23 38
28 43 43 18 18 30 36 21 28 23 36 36 22 47 29 28
23 21 25 31 17 25 27 36 17 21 25 63 31 25 60 19
36 30 31 31 29 30 49 32 59 54 32 18 49 47 63 27
59 19 32 42 59 15 63 32 63 57 19 14 47 40 19 53
15 57 57 32 40 27 22 35 2 53 49 35 57 49 56 14
2 18 2 14 50 35 18 35 47 2 50 57 13 2 52 14
13 22 53 54 60 61 61 54 41 54 24 62 39 22 22 41
41 45 39 61 45 41 45 39 26 45 26 61 61 26 34 26
