2 2 0 3 3 3 3 1 2 1 1 1 3 2 0 0
1 3 3 3 2 2 3 0 2 3 3 2 2 0 0 0
1 3 0 2 3 1 1 3 2 1 2 1 1 1 1 2
2 2 2 2 1 3 1 3 1 3 2 1 0 2 2 0
0 2 1 0 0 0 1 2 1 1 0 3 3 1 2 0
3 3 3 3 2 1 1 0 3 3 3 3 0 3 2 0
0 0 2 1 0 3 0 3 1 0 0 0 0 1 3 3
3 3 3 2 2 3 3 2 1 2 2 0 1 2 2 1
0 0 0 2 0 3 0 2 2 1 1 3 2 1 1 1
1 3 2 2 2 2 0 2 3 3 2 1 2 0 0 0
1 1 2 3 2 2 2 0 2 1 1 3 1 3 2 1
0 1 0 2 1 1 1 1 1 0 1 0 1 0 0 2
1 1 0 0 3 1 1 0 1 1 1 2 0 3 0 0
2 1 1 1 1 1 2 2 2 2 2 0 3 1 2 3
2 0 2 1 3 1 1 1 2 2 1 0 1 1 2 1
2 1 1 1 1 1 3 2 1 1 1 0 3 1 3 3
51 20 27 56 39 37 53 29 51 29 13 31 24 33 41 12
38 30 23 55 52 58 14 44 33 53 40 52 52 25 27 44
48 56 12 52 56 13 16 62 42 15 49 38 38 13 63 19
33 33 33 35 47 40 16 55 16 55 51 45 3 17 51 3
3 51 29 3 44 3 48 51 31 16 3 55 55 47 20 60
39 21 30 24 20 38 38 43 24 37 37 37 43 24 20 43
43 28 20 38 43 56 43 23 38 28 28 28 28 38 56 37
23 37 37 17 20 37 21 36 63 17 20 28 15 51 20 48
59 43 43 58 28 37 43 51 58 38 15 37 20 48 29 63
15 21 58 36 51 58 28 36 21 21 42 29 36 43 60 28
48 29 51 23 35 20 20 50 42 29 32 21 15 21 19 31
59 16 44 42 16 16 29 31 16 57 29 12 15 12 12 52
15 13 57 12 40 15 22 12 13 48 22 52 57 23 12 12
2 13 13 13 16 16 20 20 20 20 20 57 21 31 20 21
17 28 17 16 21 15 31 16 17 20 16 28 15 63 19 13
2 16 31 15 48 15 23 19 29 16 15 44 23 15 23 37
