7 0 4 3 0 1 7 0 0 5 1 1 1 1 1 0
0 0 0 0 0 0 0 0 0 2 7 0 0 2 0 3
0 6 0 6 6 2 2 2 0 7 6 2 2 2 6 6
2 6 4 7 4 7 7 7 2 2 4 0 6 3 0 3
0 0 3 6 3 1 2 2 2 2 2 3 2 2 6 6
2 2 3 6 6 3 3 6 6 6 3 3 1 6 6 3
7 4 5 1 3 7 1 2 4 1 3 4 3 3 5 4
7 2 7 2 3 1 5 1 5 5 7 4 4 4 7 5
3 3 2 4 3 4 7 4 4 4 7 5 4 4 3 2
4 2 2 4 3 7 1 5 7 1 7 4 4 7 5 3
1 1 4 3 1 3 5 4 7 7 6 4 7 4 5 5
5 7 7 1 3 7 1 7 7 3 5 5 5 3 4 6
5 7 2 3 7 6 3 5 5 0 3 5 6 6 5 2
2 2 1 2 6 2 2 5 4 1 4 5 0 5 4 1
0 4 2 5 4 2 5 4 5 0 0 5 0 1 5 0
0 1 1 0 4 3 1 0 0 6 1 1 1 1 4 3
14 26 30 7 36 37 35 26 26 31 37 37 37 37 37 58
46 46 46 46 46 46 26 58 26 18 45 58 58 38 26 51
58 44 58 13 13 38 38 38 36 45 13 18 38 38 13 13
18 13 20 45 20 45 45 45 50 6 30 36 22 61 36 51
36 36 51 44 51 47 18 18 6 6 28 61 6 6 22 22
6 18 61 22 44 61 51 44 22 44 19 61 47 22 44 61
35 20 12 27 51 35 47 28 62 47 19 20 19 39 53 20
55 28 35 28 39 47 12 47 12 21 35 8 42 62 23 53
7 19 50 20 19 62 35 8 62 8 23 63 62 62 19 50
42 28 28 42 39 55 27 21 23 5 55 42 42 23 21 7
27 27 8 29 27 39 21 8 23 14 34 8 23 42 63 21
53 55 14 27 39 14 16 55 55 7 53 21 63 39 52 34
53 14 60 7 14 34 7 63 63 4 29 63 34 34 12 50
60 60 16 60 34 60 60 12 30 16 30 53 15 12 30 16
4 30 50 31 52 50 31 52 31 4 15 31 4 16 31 15
4 16 5 4 52 29 59 15 15 54 5 5 5 5 52 29
