0 0 0 0 0 0 1 1 1 1 1 2 2 6 2 6
6 6 2 6 6 2 2 1 4 4 4 4 4 4 7 7
7 7 7 5 5 5 1 7 7 7 2 5 3 0 4 4
4 4 3 1 1 7 7 4 6 0 4 4 3 3 3 3
4 4 7 0 2 2 2 7 2 3 3 3 7 4 4 4
4 4 7 7 4 4 0 4 4 1 0 2 2 3 3 3
5 5 5 0 0 0 0 0 5 5 1 1 1 4 0 0
0 0 5 2 2 2 2 2 7 1 1 5 5 5 5 5
7 3 3 0 6 6 5 1 1 1 6 2 2 2 2 2
2 3 5 5 5 3 3 3 4 3 3 3 4 3 4 4
4 4 4 5 5 7 3 2 5 2 2 4 3 3 3 7
7 2 7 2 7 2 0 3 3 4 4 0 6 6 6 1
1 3 3 3 3 3 0 0 0 1 2 2 3 1 7 2
2 2 2 7 7 7 5 5 5 5 5 1 1 1 1 0
0 0 0 0 5 5 5 4 1 1 1 1 1 1 6 6
6 6 6 0 0 0 0 0 3 3 7 7 7 7 6 6
4 4 4 4 4 4 5 5 5 5 5 60 60 44 60 44
44 44 60 44 44 60 60 5 8 8 8 8 8 8 14 14
35 45 45 63 63 63 37 45 45 45 38 53 61 15 30 62
62 42 39 16 16 23 23 42 22 46 42 42 51 51 51 51
42 42 45 15 28 28 28 55 28 39 29 39 23 30 30 30
30 52 23 23 52 52 36 52 52 59 36 28 28 39 39 39
63 63 63 46 46 46 46 46 43 43 59 59 59 20 36 36
36 36 43 38 38 38 38 38 55 47 47 53 53 43 43 43
23 61 61 58 54 34 21 37 37 27 54 50 50 50 50 50
50 61 12 12 12 19 51 7 62 7 7 7 30 7 20 20
20 20 52 53 53 35 7 6 53 6 6 20 29 29 29 55
55 6 55 6 55 6 15 29 29 62 62 26 54 54 54 37
37 19 19 19 19 19 15 15 15 59 18 18 51 59 35 18
18 18 18 35 35 35 21 21 21 21 21 47 47 47 47 58
58 58 58 58 12 12 12 62 27 27 27 27 27 37 34 34
34 34 34 26 26 26 26 26 61 61 14 14 14 14 22 22
