0 0 0 0 0 0 2 2 2 4 2 4 1 2 2 3
1 1 1 1 1 1 3 0 0 0 0 1 6 0 0 6
3 7 4 3 7 2 2 2 7 7 4 7 3 3 7 5
0 5 5 4 4 5 1 1 2 0 2 6 2 4 4 0
0 0 0 0 0 5 5 2 2 3 3 3 3 3 3 5
5 5 5 2 2 2 2 2 2 2 2 2 2 1 7 7
7 3 3 3 4 4 4 4 4 6 3 7 7 7 7 3
3 0 1 0 0 0 2 6 6 2 2 4 4 4 0 0
5 5 5 5 4 4 6 6 0 0 7 4 4 4 5 5
5 7 7 4 0 0 7 7 7 7 1 1 1 7 7 1
1 5 1 1 2 7 5 5 1 5 5 5 5 6 6 3
3 3 3 5 6 6 1 2 1 6 3 3 6 4 4 3
3 4 5 5 7 7 7 6 6 4 4 4 5 6 6 6
6 7 4 4 4 5 1 5 5 3 3 0 3 6 3 6
6 6 6 6 6 6 1 6 1 2 6 4 4 2 4 4
2 1 1 0 0 0 0 0 4 2 2 7 7 1 2 1
4 4 4 4 4 4 6 6 6 8 6 8 5 6 6 7
16 16 16 16 16 16 61 36 36 36 36 27 13 36 36 13
61 14 62 61 23 60 60 60 45 23 62 14 19 19 35 21
15 53 53 30 30 31 27 27 50 58 18 34 18 30 30 46
46 46 46 46 46 43 43 18 18 39 39 39 39 39 39 43
43 43 43 50 50 50 50 38 38 38 38 38 38 5 55 55
55 51 51 51 62 62 62 62 30 22 51 14 14 14 14 51
51 26 37 26 26 26 60 34 34 18 18 42 42 42 26 26
63 63 63 63 30 8 13 13 58 58 35 20 20 20 31 31
31 35 35 52 58 58 45 45 45 45 27 27 27 35 35 47
47 31 5 5 50 45 63 63 5 53 53 53 53 22 22 19
19 19 19 31 22 22 47 60 5 22 7 7 13 52 52 7
7 52 12 12 55 55 55 44 44 20 20 20 12 44 44 44
44 23 8 8 8 12 47 12 12 61 61 58 61 34 7 54
54 34 34 54 54 54 59 54 59 28 13 52 52 28 42 42
60 47 47 15 15 15 15 15 42 28 28 23 23 37 28 37
