7 7 7 7 7 7 0 0 0 0 0 0 1 1 1 0
1 1 1 0 0 0 0 0 6 2 6 6 2 6 2 6
6 2 2 2 6 1 5 3 2 5 6 1 2 5 5 5
5 5 6 4 5 2 4 5 6 4 5 5 1 5 5 1
1 1 1 4 4 4 4 2 4 7 4 4 2 2 2 2
6 5 1 6 6 2 5 2 5 5 5 6 5 0 0 0
1 4 5 5 0 6 2 5 2 2 5 5 2 2 0 0
0 3 0 1 4 2 0 4 0 0 0 7 3 3 3 3
7 7 4 4 4 4 4 4 4 4 7 3 5 3 1 3
1 1 3 3 3 7 1 7 1 1 2 2 1 4 1 4
2 4 4 4 4 5 4 4 6 2 6 5 5 5 5 7
6 3 3 6 4 2 2 2 2 7 7 6 7 6 6 7
6 0 7 6 6 3 3 3 3 3 0 2 1 2 3 2
2 0 0 2 0 3 3 2 3 0 3 3 3 1 3 1
1 1 1 3 3 3 4 7 7 7 4 4 4 4 4 7
6 6 7 6 6 0 6 1 3 3 3 3 5 5 5 5
23 23 23 23 23 23 4 4 4 4 4 4 5 5 5 26
5 5 5 26 26 26 26 26 13 6 13 13 6 13 6 13
13 6 6 6 22 37 63 7 60 31 34 59 60 63 63 63
63 63 34 20 21 28 20 21 34 20 21 21 37 21 21 37
37 37 37 8 52 8 8 28 8 55 8 8 28 28 28 28
22 12 16 22 22 18 12 50 12 12 31 22 31 15 15 15
16 42 12 12 15 22 50 31 50 50 31 31 50 50 15 15
58 61 58 16 42 60 58 42 58 58 58 35 7 7 7 7
35 35 52 52 52 52 52 20 20 20 35 7 53 61 16 61
16 16 61 61 61 35 59 35 59 59 60 60 59 62 59 62
60 62 62 62 42 53 42 42 54 18 34 53 53 53 53 14
54 19 29 54 62 18 18 18 18 14 14 44 14 54 44 14
54 36 14 54 44 19 19 19 19 19 36 38 27 38 51 38
38 36 36 38 36 51 51 38 51 36 51 51 29 27 29 27
27 27 27 29 29 29 30 55 55 55 30 30 30 30 30 55
34 34 55 44 44 46 44 47 39 39 39 39 43 43 43 43
