0 4 3 2 2 2 2 2 2 3 3 3 3 3 1 1
0 0 0 1 0 4 0 4 1 1 7 5 0 6 6 1
1 1 5 7 0 5 0 1 1 0 7 6 5 5 5 1
5 3 6 7 6 3 2 6 3 4 5 5 7 5 5 4
2 1 4 3 0 5 4 3 6 0 2 0 2 3 1 5
3 3 6 5 6 5 1 3 7 7 1 1 3 4 4 2
6 0 6 4 5 6 3 6 0 2 4 0 5 3 3 4
0 4 4 4 6 6 2 1 0 7 1 5 5 3 6 2
0 2 4 6 7 5 7 7 6 6 4 4 3 6 4 5
3 0 0 4 7 1 1 0 4 1 0 4 0 5 2 2
6 2 6 1 7 3 2 2 2 6 5 2 2 1 1 4
1 7 2 4 4 2 5 7 7 6 6 4 7 1 0 4
4 0 1 4 4 4 2 2 2 4 5 5 5 4 1 2
0 2 3 7 4 0 1 3 2 0 3 7 2 2 0 5
4 1 5 1 1 1 0 2 5 7 3 1 1 7 6 1
0 7 7 0 6 4 7 2 3 3 6 0 5 2 3 3
4 8 7 6 6 6 6 6 6 7 7 7 7 7 5 5
4 4 4 5 4 8 4 8 5 27 23 12 15 13 13 16
16 16 12 14 15 12 15 16 16 15 23 22 12 12 12 16
21 19 22 23 22 19 18 22 19 20 21 21 23 21 21 20
18 27 30 29 26 31 30 29 22 26 28 26 28 29 27 21
39 61 13 63 13 63 5 29 23 23 27 5 29 42 30 18
44 58 44 62 31 22 29 34 15 18 20 15 31 19 19 20
26 8 8 8 54 54 28 27 36 14 27 31 31 61 13 28
26 28 62 13 14 63 14 14 44 54 30 62 61 54 42 63
61 36 36 62 14 47 59 36 62 37 36 62 36 43 60 28
54 50 44 59 35 61 38 50 38 54 63 50 18 47 37 30
59 35 60 42 20 50 63 35 35 34 34 20 55 37 46 52
52 58 37 52 52 52 18 38 50 52 43 43 53 30 37 38
46 50 51 55 42 58 37 19 38 46 39 45 60 38 46 43
42 47 43 47 47 59 58 60 43 55 39 47 59 45 44 59
58 45 55 58 44 42 35 60 39 51 34 46 53 60 51 39
