0 0 0 0 0 0 0 0 0 0 0 0 0 0 0 0
0 0 0 0 0 0 0 0 0 0 0 0 0 0 0 0
0 0 0 0 0 0 0 0 0 0 0 0 0 0 0 0
0 0 0 0 0 0 0 0 0 0 0 0 0 0 0 0
0 0 0 0 0 0 0 0 0 0 0 0 0 0 0 0
0 0 0 0 0 0 0 0 0 0 0 0 0 0 0 0
0 0 0 0 0 0 0 0 0 0 0 0 0 0 0 0
0 0 0 0 0 0 0 0 0 0 0 0 0 0 0 0
0 0 0 0 0 0 0 0 0 0 0 0 0 0 0 0
0 0 0 0 0 0 0 0 0 0 0 0 0 0 0 0
0 0 0 0 0 0 0 0 0 0 0 0 0 0 0 0
0 0 0 0 0 0 0 0 0 0 0 0 0 0 0 0
0 0 0 0 0 0 0 0 0 0 0 0 0 0 0 0
0 0 0 0 0 0 0 0 0 0 0 0 0 0 0 0
0 0 0 0 0 0 0 0 0 0 0 0 0 0 0 0
0 0 0 0 0 0 0 0 0 0 0 0 0 0 0 0
59 71 20 20 20 20 56 56 56 16 43 56 60 19 71 38
51 51 38 51 51 32 28 37 28 6 6 31 38 43 32 32
6 71 43 43 71 47 47 68 15 15 15 68 68 68 60 60
14 60 14 15 59 66 66 33 12 12 55 12 55 12 67 67
13 13 37 66 66 67 67 64 64 64 64 70 13 13 16 33
16 33 32 16 33 25 35 25 23 35 35 35 28 28 59 59
70 70 70 69 69 69 69 14 14 63 63 65 65 21 65 63
63 9 9 65 8 9 8 9 29 29 11 11 11 11 25 25
10 10 10 10 57 57 57 57 4 4 4 4 47 47 55 55
24 24 24 24 29 29 8 8 5 5 5 5 21 21 21 23
23 23 53 53 53 53 39 39 49 49 49 48 48 48 48 44
44 44 42 42 19 17 7 52 7 17 17 17 38 49 31 31
31 19 19 58 62 62 62 39 62 39 22 30 30 30 30 40
40 40 40 44 18 18 18 18 42 42 22 22 22 58 58 58
37 37 26 26 26 26 52 52 52 36 36 36 36 61 61 61
61 50 50 50 50 41 41 41 41 34 34 34 34 27 27 27
