0 0 0 0 0 0 0 0 0 0 0 0 0 0 0 0
0 0 0 0 0 0 0 0 0 0 0 0 0 0 0 0
0 0 0 0 0 0 0 0 0 0 0 0 0 0 0 0
0 0 0 0 0 0 0 0 0 0 0 0 0 0 0 0
0 0 0 0 0 0 0 0 0 0 0 0 0 0 0 0
0 0 0 0 0 0 0 0 0 0 0 0 0 0 0 0
0 0 0 0 0 0 0 0 0 0 0 0 0 0 0 0
0 0 0 0 0 0 0 0 0 0 0 0 0 0 0 0
0 0 0 0 0 0 0 0 0 0 0 0 0 0 0 0
0 0 0 0 0 0 0 0 0 0 0 0 0 0 0 0
0 0 0 0 0 0 0 0 0 0 0 0 0 0 0 0
0 0 0 0 0 0 0 0 0 0 0 0 0 0 0 0
0 0 0 0 0 0 0 0 0 0 0 0 0 0 0 0
0 0 0 0 0 0 0 0 0 0 0 0 0 0 0 0
0 0 0 0 0 0 0 0 0 0 0 0 0 0 0 0
0 0 0 0 0 0 0 0 0 0 0 0 0 0 0 0
43 43 43 43 68 59 18 59 59 68 68 59 68 14 14 14
21 5 17 13 21 46 24 17 17 53 53 53 16 53 28 28
44 34 44 34 34 44 23 28 35 36 11 11 11 11 19 19
18 18 18 67 67 70 70 70 70 54 35 35 54 51 51 19
48 55 20 29 29 40 54 19 54 62 62 62 26 26 62 22
38 42 42 42 42 16 22 26 51 51 14 16 16 38 33 60
60 44 60 60 20 20 20 39 39 15 61 58 58 8 8 8
8 5 50 25 5 5 50 52 52 4 31 47 13 4 4 4
46 46 46 47 47 47 37 37 37 37 26 65 65 29 24 39
67 67 38 38 22 22 24 24 31 58 13 21 21 49 49 71
71 71 71 41 45 45 45 45 39 36 36 36 40 40 40 41
41 29 35 41 32 55 31 52 52 58 13 15 15 30 15 63
63 63 63 50 50 49 49 56 12 25 61 56 48 48 7 7
57 57 57 57 28 7 25 48 7 12 12 12 64 69 25 69
27 27 27 23 23 65 10 10 55 55 56 56 65 61 61 69
6 9 9 64 31 34 66 27 23 69 32 32 32 64 6 64
