0 0 0 0 0 0 0 0 0 0 0 0 0 0 0 0
0 0 0 0 0 0 0 0 0 0 0 0 0 0 0 0
0 0 0 0 0 0 0 0 0 0 0 0 0 0 0 0
0 0 0 0 0 0 0 0 0 0 0 0 0 0 0 0
0 0 0 0 0 0 0 0 0 0 0 0 0 0 0 0
0 0 0 0 0 0 0 0 0 0 0 0 0 0 0 0
0 0 0 0 0 0 0 0 0 0 0 0 0 0 0 0
0 0 0 0 0 0 0 0 0 0 0 0 0 0 0 0
0 0 0 0 0 0 0 0 0 0 0 0 0 0 0 0
0 0 0 0 0 0 0 0 0 0 0 0 0 0 0 0
0 0 0 0 0 0 0 0 0 0 0 0 0 0 0 0
0 0 0 0 0 0 0 0 0 0 0 0 0 0 0 0
0 0 0 0 0 0 0 0 0 0 0 0 0 0 0 0
0 0 0 0 0 0 0 0 0 0 0 0 0 0 0 0
0 0 0 0 0 0 0 0 0 0 0 0 0 0 0 0
0 0 0 0 0 0 0 0 0 0 0 0 0 0 0 0
26 5 23 23 23 23 24 25 25 4 25 25 4 4 4 24
5 24 24 13 5 5 56 11 11 56 56 13 13 13 37 56
37 17 17 11 26 26 26 6 6 31 31 6 37 17 17 37
6 31 11 21 22 22 12 22 21 8 21 21 8 58 8 31
8 49 49 50 49 57 57 57 15 50 57 15 49 63 28 50
50 28 58 28 28 63 63 63 48 52 58 52 15 12 48 48
12 12 52 52 20 22 9 58 9 16 40 7 40 20 15 18
20 20 51 10 16 9 51 16 9 51 51 16 40 40 7 7
7 18 18 18 27 14 14 35 35 14 14 27 48 35 59 35
42 41 42 61 59 10 41 55 27 27 19 19 36 19 19 30
30 30 36 41 30 10 10 38 29 29 55 55 55 36 36 41
38 61 61 59 59 62 62 62 62 42 42 38 60 38 60 61
29 29 60 60 53 54 54 53 54 54 44 53 53 44 44 44
46 47 47 32 47 47 39 39 39 39 33 43 33 33 32 32
32 43 43 43 46 45 46 46 45 45 45 33 34 34 34 64
64 34 71 64 64 71 71 71 69 69 69 69 68 68 68 68
