0 0 0 0 0 0 0 0 0 0 0 0 0 0 0 0
0 0 0 0 0 0 0 0 0 0 0 0 0 0 0 0
0 0 0 0 0 0 0 0 0 0 0 0 0 0 0 0
0 0 0 0 0 0 0 0 0 0 0 0 0 0 0 0
0 0 0 0 0 0 0 0 0 0 0 0 0 0 0 0
0 0 0 0 0 0 0 0 0 0 0 0 0 0 0 0
0 0 0 0 0 0 0 0 0 0 0 0 0 0 0 0
0 0 0 0 0 0 0 0 0 0 0 0 0 0 0 0
0 0 0 0 0 0 0 0 0 0 0 0 0 0 0 0
0 0 0 0 0 0 0 0 0 0 0 0 0 0 0 0
0 0 0 0 0 0 0 0 0 0 0 0 0 0 0 0
0 0 0 0 0 0 0 0 0 0 0 0 0 0 0 0
0 0 0 0 0 0 0 0 0 0 0 0 0 0 0 0
0 0 0 0 0 0 0 0 0 0 0 0 0 0 0 0
0 0 0 0 0 0 0 0 0 0 0 0 0 0 0 0
0 0 0 0 0 0 0 0 0 0 0 0 0 0 0 0
22 47 47 43 41 48 70 32 58 39 44 64 54 40 23 67
54 51 25 24 31 52 34 37 20 56 4 41 61 40 37 61
40 24 37 13 45 4 29 6 36 15 43 14 27 56 46 23
41 48 33 49 27 29 48 48 36 31 59 14 12 27 8 8
7 12 51 13 11 52 56 65 67 64 64 63 52 37 51 65
52 36 8 57 36 25 57 70 29 25 32 30 5 21 35 34
39 34 21 39 35 24 24 34 55 7 7 71 14 7 14 38
43 71 8 57 10 57 55 42 42 17 17 29 44 51 47 43
16 11 28 60 28 71 64 21 49 38 49 11 44 35 38 9
47 68 58 63 55 55 10 23 21 9 40 20 20 23 60 28
20 66 13 15 38 30 5 30 30 54 56 17 17 12 13 28
58 58 11 42 15 15 18 18 18 50 54 18 25 70 53 50
70 50 44 67 69 63 63 69 59 32 22 31 53 49 32 31
53 68 12 53 50 35 66 66 69 22 69 9 22 42 9 26
5 59 19 4 66 4 45 67 5 6 6 10 19 45 65 59
45 16 65 60 19 60 10 19 26 16 16 33 68 46 68 39
