0 0 0 0 0 0 0 0 0 0 0 0 0 0 0 0
0 0 0 0 0 0 0 0 0 0 0 0 0 0 0 0
0 0 0 0 0 0 0 0 0 0 0 0 0 0 0 0
0 0 0 0 0 0 0 0 0 0 0 0 0 0 0 0
0 0 0 0 0 0 0 0 0 0 0 0 0 0 0 0
0 0 0 0 0 0 0 0 0 0 0 0 0 0 0 0
0 0 0 0 0 0 0 0 0 0 0 0 0 0 0 0
0 0 0 0 0 0 0 0 0 0 0 0 0 0 0 0
0 0 0 0 0 0 0 0 0 0 0 0 0 0 0 0
0 0 0 0 0 0 0 0 0 0 0 0 0 0 0 0
0 0 0 0 0 0 0 0 0 0 0 0 0 0 0 0
0 0 0 0 0 0 0 0 0 0 0 0 0 0 0 0
0 0 0 0 0 0 0 0 0 0 0 0 0 0 0 0
0 0 0 0 0 0 0 0 0 0 0 0 0 0 0 0
0 0 0 0 0 0 0 0 0 0 0 0 0 0 0 0
0 0 0 0 0 0 0 0 0 0 0 0 0 0 0 0
22 47 47 43 41 48 70 32 58 39 44 64 54 40 23 67
54 51 25 24 31 52 34 37 20 56 4 41 61 40 37 61
40 24 37 13 45 4 29 6 36 15 43 14 27 56 46 23
41 48 33 49 27 29 48 48 36 31 59 14 12 64 40 65
12 51 48 25 35 63 36 36 28 44 60 57 30 21 32 32
44 32 49 23 31 7 7 35 17 32 36 62 7 5 39 71
43 6 6 6 20 71 55 34 43 43 43 44 40 44 14 35
43 14 28 14 13 44 28 13 29 56 58 60 60 68 48 48
21 35 37 64 63 71 19 29 29 29 29 52 49 57 29 49
57 68 36 49 64 47 64 36 37 64 37 64 37 37 60 37
37 66 37 15 37 37 37 37 37 54 37 37 15 36 37 28
15 36 11 42 28 4 36 55 63 23 28 64 55 13 63 48
15 11 37 29 15 15 55 11 64 64 22 55 57 11 15 11
15 58 28 55 59 58 11 36 11 28 69 57 23 28 20 36
42 48 23 36 36 48 55 55 55 20 69 5 55 63 28 38
28 55 55 15 57 57 57 52 29 43 37 43 16 15 4 13
