1 0 0 0 0 0 1 1 0 0 0 0 0 1 1 0
0 1 0 1 1 0 1 0 1 0 1 1 1 1 0 0
0 0 0 1 0 0 0 1 1 1 0 0 0 0 0 1
0 1 0 0 0 0 1 0 1 1 0 1 0 0 0 0
1 1 0 0 0 0 0 0 1 1 0 1 1 0 1 0
1 1 1 0 1 0 1 0 1 1 1 0 1 1 1 1
0 1 1 0 1 1 1 1 1 0 0 0 1 0 0 0
1 1 1 0 1 1 1 1 1 0 0 0 1 1 1 1
1 1 0 1 1 0 0 0 0 1 0 0 1 1 0 0
0 0 1 1 0 0 0 0 0 1 1 0 1 1 1 0
0 0 0 0 0 0 0 1 1 0 0 1 1 1 1 0
0 0 0 1 1 1 1 0 0 0 1 0 1 0 1 0
0 1 0 0 0 1 0 1 0 1 1 1 0 1 1 1
1 1 1 1 1 0 0 0 0 1 1 0 1 0 0 0
0 1 1 1 1 1 1 1 0 1 1 1 1 0 0 1
1 1 1 1 1 1 0 0 0 0 1 0 1 0 0 0
36 76 76 72 67 76 108 52 98 107 65 17 100 129 48 33
96 106 89 20 9 72 90 72 48 128 66 20 41 43 67 91
128 8 128 59 60 139 139 11 52 32 96 44 146 17 146 66
146 138 100 51 74 49 88 35 18 41 17 68 19 24 35 60
52 41 49 42 51 51 42 58 36 25 8 73 50 139 50 8
73 50 83 107 66 12 9 100 27 27 27 10 113 92 106 75
33 120 32 44 97 97 97 115 120 107 98 98 83 49 24 12
136 43 16 28 92 92 88 59 20 84 56 74 106 88 34 120
90 48 60 25 25 84 84 112 114 64 116 19 73 90 116 116
67 35 32 75 74 19 44 26 26 147 147 24 147 68 68 58
58 112 96 26 114 112 10 59 64 89 65 136 34 64 136 89
10 114 42 34 99 99 99 56 56 28 18 28 18 123 122 130
130 36 130 12 3 57 3 140 65 115 83 4 123 140 122 140
4 57 4 57 122 40 40 33 144 138 115 40 11 3 144 123
144 113 138 113 145 9 145 145 132 11 129 129 16 132 132 16
43 131 124 104 131 124 105 137 105 137 131 91 124 91 137 105
