1 0 0 0 0 0 1 1 0 0 0 0 0 1 1 0
0 1 0 1 1 0 1 0 1 0 1 1 0 1 0 1
0 0 0 0 1 1 0 1 0 0 1 1 0 1 1 1
0 1 1 0 0 0 0 0 1 0 0 0 1 1 0 1
1 0 0 0 1 1 1 1 1 1 1 0 1 0 0 0
0 0 0 1 1 0 1 0 0 0 1 1 0 1 1 1
1 1 1 1 1 1 1 0 1 0 1 0 1 0 1 1
1 0 0 0 1 0 0 1 1 0 1 0 0 0 0 0
0 1 0 0 0 1 1 1 1 1 1 1 1 0 0 1
0 1 1 1 1 0 0 1 0 1 0 0 0 0 0 1
0 0 0 0 0 0 0 1 0 0 0 0 0 0 0 0
0 0 0 0 0 1 0 1 0 1 1 1 1 1 0 0
1 1 1 0 1 1 0 1 0 0 1 0 1 0 0 0
0 1 0 1 1 1 0 0 0 1 1 0 0 0 0 0
1 1 0 0 0 1 0 1 1 1 1 0 1 1 1 1
1 0 0 0 0 1 0 0 0 0 0 0 1 1 1 1
36 76 76 72 67 76 108 52 98 107 65 17 100 129 48 33
96 106 89 20 9 72 90 72 48 128 43 88 76 48 89 41
65 128 128 60 20 20 128 25 51 8 50 52 58 68 75 66
132 34 27 51 51 89 74 35 27 35 98 105 59 147 35 97
120 116 49 146 92 41 52 92 41 27 66 100 83 139 139 139
139 139 72 41 147 146 120 100 58 35 120 75 67 68 41 41
92 18 18 41 92 120 92 89 92 146 48 98 27 146 27 92
73 58 89 89 41 146 146 88 88 76 75 26 26 114 114 107
100 41 107 107 100 120 41 136 136 64 136 136 136 146 49 147
89 99 147 83 88 19 89 99 89 18 112 76 76 112 100 48
112 112 112 56 137 112 137 50 112 112 112 112 84 76 67 67
98 67 67 67 67 57 67 57 33 57 88 9 66 66 58 89
88 97 97 84 66 57 19 97 84 84 36 10 64 40 26 19
72 57 10 68 50 97 19 19 19 68 50 10 72 72 26 72
120 113 139 146 76 50 72 64 64 64 120 76 57 106 120 64
64 19 139 26 35 20 56 67 107 56 107 56 20 115 147 68
