1 0 0 0 0 0 1 1 0 0 0 0 0 0 1 0
0 1 0 1 1 0 1 1 1 0 1 0 1 0 1 0
0 1 0 0 1 0 0 0 1 0 0 0 0 0 0 0
0 1 0 1 0 0 1 0 1 1 1 0 0 0 0 0
0 0 0 1 1 0 0 0 0 1 0 1 1 0 0 0
0 1 1 1 1 0 0 0 1 1 0 0 1 1 0 1
1 0 1 0 1 1 0 1 1 1 1 0 1 1 1 0
1 1 1 0 0 0 0 0 1 1 1 0 0 1 1 1
1 0 0 1 1 0 0 0 0 1 1 0 0 1 1 1
0 1 0 1 1 0 0 1 1 0 1 1 1 1 1 1
1 1 1 0 1 1 0 1 1 0 0 1 0 0 0 0
1 1 1 1 0 0 1 0 1 1 1 1 1 1 0 0
1 1 0 1 1 1 0 0 0 1 1 0 0 0 1 1
1 1 0 0 1 1 0 1 1 0 1 1 0 0 1 1
0 1 0 0 0 0 1 1 1 1 1 0 0 0 1 0
0 1 1 1 0 0 1 1 1 0 1 0 0 1 1 0
36 76 76 72 67 76 108 52 98 107 65 17 100 116 48 33
89 20 96 66 90 72 25 43 113 114 50 137 41 65 59 58
24 52 42 8 75 132 35 67 64 139 139 51 146 146 98 74
139 106 74 83 58 98 32 42 18 41 52 146 8 107 35 100
96 100 10 97 41 8 24 56 96 9 10 92 16 28 60 28
28 27 50 113 138 112 91 116 138 138 42 112 97 120 65 92
92 19 34 19 27 115 72 68 88 48 48 49 83 88 88 60
97 43 36 89 74 60 107 35 59 27 90 116 26 120 68 59
43 51 51 136 50 112 33 33 10 99 68 19 84 115 20 113
67 115 84 106 120 89 44 32 73 58 73 32 99 73 99 147
136 136 90 26 147 25 137 122 147 91 84 129 26 114 114 44
34 20 64 34 40 40 106 40 57 66 145 64 104 83 49 130
4 4 49 57 25 4 17 17 12 9 9 12 123 24 145 145
122 57 12 123 11 11 3 122 11 144 140 140 3 3 18 18
144 140 144 91 123 105 104 66 36 131 129 105 44 105 104 130
130 131 129 131 132 132 124 124 124 128 75 128 128 16 16 56
