1 0 0 0 0 0 1 1 0 0 0 0 0 0 1 0
0 1 0 1 1 0 1 1 1 0 1 0 1 0 1 0
0 1 0 0 1 0 0 0 1 0 0 0 0 0 0 0
0 1 0 1 0 0 1 0 1 1 1 0 0 0 0 0
0 0 0 1 1 0 0 0 1 0 0 0 1 0 0 0
1 0 0 1 1 1 0 0 0 1 1 1 1 0 0 1
0 1 0 0 1 1 0 1 1 0 1 1 1 0 0 0
0 0 0 1 1 1 1 0 1 1 1 1 0 1 1 0
0 0 0 0 0 1 0 1 1 1 1 1 1 0 1 1
0 1 1 1 1 0 1 1 1 0 1 1 0 0 0 0
1 1 1 0 0 1 1 1 1 1 1 0 0 0 0 1
0 1 1 1 0 0 0 0 1 0 1 1 0 0 1 1
0 1 1 1 1 0 1 0 1 0 1 0 1 0 0 1
1 1 1 0 1 0 1 1 0 1 1 0 1 1 0 1
1 0 0 1 0 1 0 0 0 1 0 0 1 1 0 0
1 0 0 0 1 0 0 0 0 1 1 1 0 0 1 1
36 76 76 72 67 76 108 52 98 107 65 17 100 116 48 33
89 20 96 66 90 72 25 43 113 114 50 137 41 65 59 58
24 52 42 8 75 132 35 67 64 139 139 51 146 146 98 74
139 106 74 83 58 98 32 42 18 41 52 146 8 107 35 100
96 139 10 97 41 8 28 146 41 8 8 146 27 60 60 56
73 139 35 41 41 27 139 100 139 27 50 50 41 42 28 41
146 138 146 146 50 99 28 41 97 146 66 66 66 49 49 24
40 58 24 48 50 97 68 76 97 97 92 97 33 120 20 19
51 72 72 146 26 50 12 20 75 64 68 20 34 146 20 88
51 99 59 50 88 19 99 50 41 26 99 20 67 72 100 67
97 97 20 26 84 34 34 50 64 48 48 84 26 84 40 48
26 59 64 68 67 26 67 139 145 40 97 25 67 24 106 48
26 97 48 48 68 26 48 49 4 24 36 26 97 112 112 64
4 57 88 26 50 98 52 48 19 48 115 49 48 48 49 73
68 49 28 64 49 4 112 98 112 64 49 10 4 138 84 24
4 24 49 26 73 26 107 33 49 88 66 73 49 26 147 138
