0 0 0 0 0 0 0 0 0 0 0 0 0 0 0 0
0 0 0 0 0 0 0 0 0 0 0 0 0 0 0 0
0 0 0 0 0 0 0 0 0 0 0 0 0 0 0 0
0 0 0 0 0 0 0 0 0 0 0 0 0 0 0 0
0 0 0 0 0 0 0 0 0 0 0 0 0 0 0 0
0 0 0 0 0 0 0 0 0 0 0 0 0 0 0 0
0 0 0 0 0 0 0 0 0 0 0 0 0 0 0 0
0 0 0 0 0 0 0 0 0 0 0 0 0 0 0 0
0 0 0 0 0 0 0 0 0 0 0 0 0 0 0 0
0 0 0 0 0 0 0 0 0 0 0 0 0 0 0 0
0 0 0 0 0 0 0 0 0 0 0 0 0 0 0 0
0 0 0 0 0 0 0 0 0 0 0 0 0 0 0 0
0 0 0 0 0 0 0 0 0 0 0 0 0 0 0 0
0 0 0 0 0 0 0 0 0 0 0 0 0 0 0 0
0 0 0 0 0 0 0 0 0 0 0 0 0 0 0 0
0 0 0 0 0 0 0 0 0 0 0 0 0 0 0 0
59 71 71 71 71 68 68 68 68 66 66 66 66 58 58 67
41 67 67 67 64 17 42 64 45 15 60 19 17 17 17 61
61 61 61 40 60 60 60 34 52 52 52 52 30 23 43 43
55 55 55 45 43 45 43 4 4 4 45 53 56 55 48 48
48 48 6 59 59 59 39 53 53 53 7 20 70 13 20 20
20 18 18 25 19 25 25 19 19 47 47 70 70 64 64 70
9 9 69 69 69 69 32 32 32 32 33 33 33 33 16 16
16 4 8 23 15 15 15 16 63 63 65 65 65 23 23 65
9 9 11 18 18 22 22 22 22 21 21 11 21 21 11 11
56 56 56 25 10 10 10 10 57 57 57 57 47 47 24 24
24 24 35 35 35 35 29 29 29 29 8 8 8 5 5 5
5 12 12 12 12 39 39 39 30 30 30 40 40 40 44 44
44 44 38 14 7 7 7 6 6 54 54 63 54 38 38 38
62 41 41 41 14 14 27 49 49 51 51 51 51 27 27 27
63 37 49 49 42 42 42 46 46 46 46 58 58 37 50 37
37 26 26 26 26 36 36 36 36 50 50 50 34 34 34 6
