0 0 0 0 0 0 0 0 0 0 0 0 0 0 0 0
0 0 0 0 0 0 0 0 0 0 0 0 0 0 0 0
0 0 0 0 0 0 0 0 0 0 0 0 0 0 0 0
0 0 0 0 0 0 0 0 0 0 0 0 0 0 0 0
0 0 0 0 0 0 0 0 0 0 0 0 0 0 0 0
0 0 0 0 0 0 0 0 0 0 0 0 0 0 0 0
0 0 0 0 0 0 0 0 0 0 0 0 0 0 0 0
0 0 0 0 0 0 0 0 0 0 0 0 0 0 0 0
0 0 0 0 0 0 0 0 0 0 0 0 0 0 0 0
0 0 0 0 0 0 0 0 0 0 0 0 0 0 0 0
0 0 0 0 0 0 0 0 0 0 0 0 0 0 0 0
0 0 0 0 0 0 0 0 0 0 0 0 0 0 0 0
0 0 0 0 0 0 0 0 0 0 0 0 0 0 0 0
0 0 0 0 0 0 0 0 0 0 0 0 0 0 0 0
0 0 0 0 0 0 0 0 0 0 0 0 0 0 0 0
0 0 0 0 0 0 0 0 0 0 0 0 0 0 0 0
43 43 43 43 27 27 18 24 68 24 7 59 68 68 68 18
53 53 53 53 40 51 40 40 50 28 28 50 28 50 28 15
15 15 15 35 54 44 44 44 44 18 18 31 31 31 31 12
56 56 56 56 16 16 67 67 26 21 26 26 26 41 41 41
41 22 55 61 67 36 57 61 34 63 63 63 63 60 60 37
37 39 62 14 54 54 14 50 14 14 39 23 10 10 6 23
23 23 59 45 45 60 60 11 55 16 40 36 47 47 47 45
45 48 29 27 22 61 37 37 61 59 38 22 42 22 62 16
42 42 42 33 33 33 33 29 35 35 35 4 4 4 4 51
51 52 52 52 51 55 17 55 17 17 71 52 8 19 47 13
38 38 38 25 25 25 17 25 67 62 62 49 24 24 9 49
39 39 9 29 46 49 36 65 34 20 13 13 13 5 46 46
46 21 21 21 59 48 48 48 49 69 9 9 5 5 65 65
65 64 10 10 34 11 11 11 8 8 8 5 69 69 69 7
71 71 71 7 7 32 6 6 6 32 32 32 66 66 66 66
34 12 12 12 27 36 20 57 57 57 29 19 19 19 70 20
