0 0 0 0 0 0 0 0 0 0 0 0 0 0 0 0
0 0 0 0 0 0 0 0 0 0 0 0 0 0 0 0
0 0 0 0 0 0 0 0 0 0 0 0 0 0 0 0
0 0 0 0 0 0 0 0 0 0 0 0 0 0 0 0
0 0 0 0 0 0 0 0 0 0 0 0 0 0 0 0
0 0 0 0 0 0 0 0 0 0 0 0 0 0 0 0
0 0 0 0 0 0 0 0 0 0 0 0 0 0 0 0
0 0 0 0 0 0 0 0 0 0 0 0 0 0 0 0
0 0 0 0 0 0 0 0 0 0 0 0 0 0 0 0
0 0 0 0 0 0 0 0 0 0 0 0 0 0 0 0
0 0 0 0 0 0 0 0 0 0 0 0 0 0 0 0
0 0 0 0 0 0 0 0 0 0 0 0 0 0 0 0
0 0 0 0 0 0 0 0 0 0 0 0 0 0 0 0
0 0 0 0 0 0 0 0 0 0 0 0 0 0 0 0
0 0 0 0 0 0 0 0 0 0 0 0 0 0 0 0
0 0 0 0 0 0 0 0 0 0 0 0 0 0 0 0
26 5 23 23 23 23 24 25 4 4 4 4 25 25 25 26
13 11 11 11 24 24 24 5 17 5 5 21 29 56 16 56
21 16 52 21 16 16 11 13 26 17 17 17 13 26 28 28
21 13 37 6 56 63 6 37 56 6 63 6 63 37 37 63
57 28 8 48 57 49 57 57 31 49 49 50 49 60 60 48
48 48 8 15 60 53 28 60 31 42 50 31 58 31 35 62
58 58 58 50 50 7 7 7 7 18 9 18 22 22 22 22
51 9 51 12 9 12 9 15 15 15 18 35 18 14 42 8
35 35 40 40 46 42 42 51 40 8 40 62 20 54 59 19
19 51 19 62 62 12 19 20 54 20 59 59 59 12 52 52
52 14 20 14 14 53 41 61 41 41 53 10 53 27 27 27
10 54 10 10 27 55 55 55 61 55 61 61 29 29 29 30
41 30 30 30 38 38 33 33 38 36 38 36 36 36 46 54
33 44 44 44 44 32 32 32 32 47 33 46 71 39 43 46
43 43 43 45 39 71 39 45 47 39 47 47 45 71 45 71
69 68 68 68 34 68 69 69 69 67 67 67 67 64 70 64
