0 0 0 0 0 0 0 0 0 0 0 0 0 0 0 0
0 0 0 0 0 0 0 0 0 0 0 0 0 0 0 0
0 0 0 0 0 0 0 0 0 0 0 0 0 0 0 0
0 0 0 0 0 0 0 0 0 0 0 0 0 0 0 0
0 0 0 0 0 0 0 0 0 0 0 0 0 0 0 0
0 0 0 0 0 0 0 0 0 0 0 0 0 0 0 0
0 0 0 0 0 0 0 0 0 0 0 0 0 0 0 0
0 0 0 0 0 0 0 0 0 0 0 0 0 0 0 0
0 0 0 0 0 0 0 0 0 0 0 0 0 0 0 0
0 0 0 0 0 0 0 0 0 0 0 0 0 0 0 0
0 0 0 0 0 0 0 0 0 0 0 0 0 0 0 0
0 0 0 0 0 0 0 0 0 0 0 0 0 0 0 0
0 0 0 0 0 0 0 0 0 0 0 0 0 0 0 0
0 0 0 0 0 0 0 0 0 0 0 0 0 0 0 0
0 0 0 0 0 0 0 0 0 0 0 0 0 0 0 0
0 0 0 0 0 0 0 0 0 0 0 0 0 0 0 0
22 47 47 43 41 48 70 32 58 39 44 64 54 40 23 67
54 51 25 24 31 52 34 37 20 56 4 41 61 40 37 36
13 50 11 68 45 29 53 27 46 15 17 35 45 64 36 33
12 59 11 13 65 52 52 29 57 57 36 57 8 27 8 70
43 55 17 33 14 24 10 43 24 14 60 40 52 6 27 65
27 16 8 67 36 31 71 70 34 31 37 54 64 64 16 59
16 48 55 48 51 55 55 51 40 51 28 44 60 7 56 35
16 35 54 42 24 12 39 70 38 71 20 34 19 34 38 38
31 67 43 33 33 29 44 29 49 57 44 13 13 48 4 37
21 28 4 63 66 47 58 32 32 32 17 17 66 45 60 45
66 66 53 15 42 9 5 9 47 53 53 4 15 21 65 28
15 42 41 42 41 21 63 28 63 63 9 68 9 12 58 68
38 22 5 67 23 5 19 23 50 11 22 12 23 5 20 50
35 20 21 11 30 58 50 61 60 6 69 14 7 25 30 14
65 7 19 7 18 59 19 59 22 6 69 30 30 18 18 6
49 49 69 39 39 25 25 69 26 68 56 61 56 8 18 49
