0 0 0 0 0 0 0 0 0 0 0 0 0 0 0 0
0 0 0 0 0 0 0 0 0 0 0 0 0 0 0 0
0 0 0 0 0 0 0 0 0 0 0 0 0 0 0 0
0 0 0 0 0 0 0 0 0 0 0 0 0 0 0 0
0 0 0 0 0 0 0 0 0 0 0 0 0 0 0 0
0 0 0 0 0 0 0 0 0 0 0 0 0 0 0 0
0 0 0 0 0 0 0 0 0 0 0 0 0 0 0 0
0 0 0 0 0 0 0 0 0 0 0 0 0 0 0 0
0 0 0 0 0 0 0 0 0 0 0 0 0 0 0 0
0 0 0 0 0 0 0 0 0 0 0 0 0 0 0 0
0 0 0 0 0 0 0 0 0 0 0 0 0 0 0 0
0 0 0 0 0 0 0 0 0 0 0 0 0 0 0 0
0 0 0 0 0 0 0 0 0 0 0 0 0 0 0 0
0 0 0 0 0 0 0 0 0 0 0 0 0 0 0 0
0 0 0 0 0 0 0 0 0 0 0 0 0 0 0 0
0 0 0 0 0 0 0 0 0 0 0 0 0 0 0 0
22 47 47 43 41 48 70 32 58 39 44 64 54 40 23 67
54 51 25 24 31 52 34 37 20 56 4 41 61 40 37 36
13 50 11 68 45 29 53 27 46 15 17 35 45 64 36 33
12 59 11 13 65 52 52 29 57 57 36 57 8 27 8 70
43 55 17 33 14 24 10 43 24 14 60 40 52 6 27 65
36 27 8 33 36 31 70 70 40 31 6 70 64 71 51 35
44 51 44 59 16 51 51 51 60 49 28 51 49 48 51 13
16 14 21 17 50 57 50 60 17 60 55 35 54 34 42 55
34 35 42 47 55 8 7 40 46 7 40 11 40 39 42 5
15 37 24 37 37 11 20 36 39 37 37 5 37 43 16 37
43 43 37 29 37 37 37 37 37 54 37 37 15 21 37 28
58 58 58 42 28 63 63 42 63 28 28 28 42 40 63 28
15 28 28 48 28 27 28 66 66 48 66 44 66 36 36 36
36 63 12 36 4 58 4 36 4 4 69 57 36 31 66 34
5 22 17 38 11 15 4 5 38 20 12 5 12 63 19 38
19 11 7 15 28 15 57 52 12 12 22 23 23 15 55 13
