2 2 0 3 3 3 3 1 2 1 1 1 3 2 0 0
1 3 3 3 2 2 3 0 2 1 1 3 2 0 3 2
3 1 3 0 2 3 0 3 2 0 3 2 1 1 0 2
0 0 1 2 0 0 0 3 0 3 2 0 0 0 2 1
0 2 1 0 2 3 1 3 0 3 3 3 3 0 3 0
2 2 1 1 2 2 2 3 3 3 1 3 1 2 1 2
2 1 0 1 0 3 3 3 3 3 3 3 3 3 3 3
3 0 0 0 0 0 1 2 2 0 1 2 1 2 2 2
1 1 0 0 1 3 1 0 1 1 3 0 0 1 1 0
1 0 2 1 3 1 0 2 2 2 1 2 2 1 0 2
0 0 3 1 1 3 2 0 1 1 1 2 0 1 1 1
0 1 1 2 0 1 1 1 2 3 2 3 1 0 3 3
2 0 0 1 2 0 2 3 0 2 1 2 3 3 2 0
2 0 1 0 0 2 0 1 0 0 0 2 2 2 2 2
0 1 2 3 0 0 1 1 0 2 0 1 3 1 3 1
2 1 1 1 2 3 3 2 1 2 0 2 2 0 0 3
51 20 27 56 39 37 53 29 51 29 13 31 24 33 41 12
38 30 23 55 52 58 14 44 33 61 32 40 52 25 62 35
46 63 24 3 52 23 44 40 52 44 56 52 48 13 43 49
12 27 16 49 12 50 18 56 27 55 49 3 3 57 51 13
43 51 29 3 51 55 47 55 44 56 55 56 40 44 37 59
20 20 61 29 36 36 58 40 40 39 48 62 48 42 47 20
20 48 60 48 60 24 37 21 21 24 37 37 21 21 24 21
23 28 28 28 25 28 15 58 36 28 38 58 15 58 17 17
16 31 57 18 63 30 63 25 63 38 30 59 43 54 38 43
31 43 42 29 23 47 27 36 17 17 32 17 36 15 60 19
57 57 30 15 15 30 49 25 38 54 32 42 59 47 16 31
59 16 16 42 41 31 63 32 19 23 19 14 22 12 14 14
19 57 12 13 2 50 19 53 60 2 22 2 53 14 2 50
2 18 32 18 50 35 60 47 59 18 50 42 35 35 35 26
25 13 49 39 41 41 61 54 41 26 27 54 39 22 53 22
26 22 54 61 26 39 53 26 61 33 34 33 33 34 34 46
