2 2 0 3 3 3 3 1 2 1 1 1 3 2 0 0
1 3 3 3 2 2 3 0 2 1 1 3 2 0 3 2
3 1 3 0 2 3 0 3 2 0 3 2 1 1 0 2
0 0 1 2 0 0 0 3 0 3 2 0 0 0 2 1
0 2 1 0 2 3 1 3 0 3 3 3 3 2 0 2
0 1 2 1 2 3 3 0 3 3 3 2 2 3 2 3
1 2 2 1 0 1 3 3 0 1 0 3 3 1 2 3
3 0 3 0 3 3 3 3 0 3 2 2 1 2 2 3
0 0 0 0 3 3 0 2 2 1 1 2 2 3 1 3
3 3 3 1 2 3 0 2 3 3 1 1 1 0 0 0
1 1 2 3 2 2 2 3 1 1 3 0 1 3 0 0
1 1 3 2 0 1 1 1 1 3 2 0 1 1 1 2
1 2 0 1 1 1 2 2 0 1 1 1 1 1 3 3
2 1 1 1 3 1 1 0 1 1 1 1 1 1 1 0
2 1 2 1 1 1 1 1 2 1 0 0 0 1 2 1
2 1 0 1 0 0 0 2 1 1 0 0 1 1 0 2
51 20 27 56 39 37 53 29 51 29 13 31 24 33 41 12
38 30 23 55 52 58 14 44 33 61 32 40 52 25 62 35
46 63 24 3 52 23 44 40 52 44 56 52 48 13 43 49
12 27 16 49 12 50 18 56 27 55 49 3 3 57 51 13
43 51 29 3 51 55 47 55 44 56 55 56 40 51 44 51
44 16 20 29 20 56 56 60 40 37 37 20 20 21 42 37
38 20 20 48 43 48 24 23 60 48 60 37 21 63 36 24
23 28 37 28 37 37 37 37 28 56 20 58 15 58 20 24
59 43 43 18 14 37 28 58 58 38 15 20 20 21 38 21
21 21 24 63 20 21 28 36 21 21 48 15 31 43 60 28
48 22 20 23 17 20 20 30 16 54 37 28 15 21 28 28
15 22 21 20 28 15 63 31 63 23 19 28 15 16 63 19
15 20 43 29 15 15 19 19 43 48 22 31 16 29 37 37
2 16 16 16 30 16 16 28 16 32 29 29 29 31 29 44
17 29 17 29 29 15 31 29 17 31 28 28 12 63 19 38
2 29 57 15 57 57 57 19 29 16 12 12 16 15 57 19
