7 6 3 4 0 5 4 2 2 5 7 7 4 3 5 3
5 5 2 1 6 6 1 0 2 5 5 3 7 5 0 2
2 4 2 6 4 6 6 5 4 3 3 0 2 0 2 2
0 3 1 5 3 0 6 6 7 7 5 0 6 0 7 7
3 5 6 5 5 2 6 1 0 4 3 7 0 4 7 6
6 3 3 5 5 2 0 0 7 7 6 6 0 5 5 2
2 4 3 6 0 3 0 2 2 6 0 6 4 2 4 0
2 0 1 3 6 2 2 0 2 0 4 2 3 4 3 3
2 4 0 2 1 6 2 2 1 7 6 0 3 3 0 7
3 2 4 4 0 0 3 4 6 3 3 0 4 2 0 3
4 3 5 6 3 2 0 6 2 2 5 6 6 3 3 6
7 5 1 0 5 0 0 0 7 6 3 7 3 6 7 3
0 7 2 7 6 3 7 2 7 7 2 3 6 3 6 2
3 6 6 2 6 3 6 6 7 6 7 5 0 7 2 7
2 0 2 2 6 1 7 2 2 7 2 7 2 1 7 7
2 2 7 1 2 0 4 0 5 7 2 7 2 0 7 0
51 20 27 56 60 39 7 72 24 95 10 21 28 55 47 83
29 19 72 23 58 9 4 22 54 29 29 6 21 19 52 54
44 7 24 40 56 40 68 47 46 83 17 32 92 70 82 82
80 83 33 87 83 42 48 48 79 79 8 42 30 32 51 51
83 29 48 29 29 24 48 33 32 84 55 51 80 84 51 48
48 45 55 47 39 44 52 60 59 59 40 30 52 47 47 64
16 46 45 48 52 45 60 34 44 48 60 30 46 44 36 60
44 60 63 75 30 54 64 60 54 60 46 54 65 46 65 75
16 46 42 34 33 30 44 34 33 51 30 11 45 45 42 51
45 54 36 36 60 11 27 36 30 45 45 60 36 44 60 45
36 6 39 88 45 54 60 30 16 54 39 30 30 45 6 30
59 39 71 42 39 3 3 42 59 40 55 59 55 40 59 45
3 59 54 59 40 27 59 54 59 59 5 35 40 35 40 16
35 40 40 16 40 35 40 40 59 40 59 57 52 31 16 51
5 52 16 16 40 15 31 16 16 31 16 31 16 63 51 59
16 16 51 15 44 42 66 52 29 51 34 51 16 52 51 42
