7 6 3 4 0 5 4 2 2 5 7 7 4 4 6 5
7 3 2 6 3 5 7 1 5 4 6 6 5 4 4 4
4 5 4 4 4 4 5 5 7 4 7 7 7 7 6 6
2 7 5 4 6 6 5 2 2 3 4 5 2 5 7 5
1 4 3 5 7 2 5 5 2 4 1 3 6 4 1 5
4 2 7 4 7 5 0 6 4 0 6 7 7 0 2 4
7 7 7 6 7 7 0 7 0 6 0 6 4 5 5 5
5 5 6 1 5 4 1 5 1 5 4 0 1 4 6 2
2 7 5 7 4 1 5 2 4 5 6 5 7 6 4 5
5 5 5 4 5 0 3 5 5 5 4 1 7 6 0 7
4 4 6 6 5 5 5 5 7 4 2 5 5 5 5 5
7 5 5 3 5 5 5 5 7 5 5 4 5 6 4 4
5 5 5 5 6 3 3 5 0 6 5 5 5 5 5 2
4 5 4 7 5 6 2 7 7 6 7 5 1 0 5 1
0 6 1 5 6 5 5 6 4 0 5 5 5 3 5 7
5 7 5 1 6 4 5 5 6 5 5 5 2 5 7 4
51 20 27 56 60 39 7 72 24 95 10 21 28 7 78 47
21 17 34 9 55 95 89 71 95 84 58 40 57 84 84 84
84 95 84 84 84 84 95 95 89 84 89 89 89 89 40 40
92 59 57 46 40 40 77 16 16 55 28 57 16 57 21 57
71 84 55 57 69 16 77 77 16 28 15 55 40 84 81 77
46 16 69 46 89 57 90 40 46 90 40 89 89 90 92 46
89 89 89 48 89 89 90 89 90 48 90 58 46 77 77 77
77 77 40 71 77 46 15 77 81 77 46 90 15 46 40 92
16 89 57 89 94 71 77 16 46 77 40 77 89 88 84 77
77 77 77 46 77 90 27 77 77 77 46 81 59 40 60 59
36 66 40 88 77 77 77 77 59 66 92 77 77 77 77 77
59 77 77 75 77 77 77 77 59 77 77 46 77 40 46 46
77 77 77 77 40 27 75 77 60 48 77 77 57 77 77 82
46 77 46 89 77 58 82 89 59 40 69 57 81 90 77 81
90 48 81 77 40 77 77 58 66 90 77 77 77 83 77 59
77 59 77 15 48 46 77 77 58 77 77 77 16 77 89 46
