0 2 1 3 0 0 1 1 0 2 1 2 0 1 1 3
0 0 0 1 3 3 1 1 1 1 1 3 2 2 3 3
0 3 2 1 3 1 0 1 0 0 0 2 3 1 1 3
3 1 2 0 0 1 0 3 2 3 0 2 3 2 3 1
3 0 1 0 1 3 1 1 1 0 3 2 2 0 0 1
0 2 1 1 1 1 0 3 3 0 3 0 3 0 0 1
0 0 2 1 3 3 3 0 3 0 3 3 3 1 2 3
0 3 0 2 1 1 1 2 0 3 3 0 1 2 2 2
2 0 2 0 2 3 2 2 2 2 0 2 2 2 3 0
1 2 3 1 2 2 2 2 0 3 0 0 1 2 3 0
0 0 3 1 3 0 2 1 2 1 3 3 0 3 0 0
2 0 2 3 0 0 1 2 1 1 0 0 0 0 1 1
3 0 2 0 3 3 1 1 3 1 1 3 0 3 3 1
1 1 1 1 3 0 1 3 0 0 3 0 1 1 1 0
0 2 1 2 2 0 0 2 0 0 0 0 0 1 0 3
3 1 1 1 1 0 2 2 1 1 1 1 1 2 1 3
28 36 22 21 12 50 63 31 50 26 45 2 60 61 15 53
44 3 60 16 24 37 45 29 38 32 32 62 42 35 21 21
28 23 2 54 46 54 57 29 18 18 18 19 24 13 29 62
62 29 2 18 18 29 18 24 52 24 41 33 62 49 21 22
62 50 29 50 22 24 22 38 22 28 24 26 49 25 50 48
41 33 16 38 38 38 28 40 40 12 37 28 24 25 28 16
28 28 20 48 56 56 40 28 56 12 56 56 40 61 36 37
12 40 12 52 61 15 15 36 12 56 37 28 15 51 17 17
26 50 58 18 19 40 19 58 58 51 44 36 58 35 24 28
31 58 24 31 51 58 51 51 12 21 12 12 31 17 56 28
12 41 37 15 24 28 49 32 17 54 37 24 28 24 3 28
58 3 36 24 28 3 63 51 63 63 12 12 12 12 63 31
56 57 51 28 56 56 63 63 62 63 63 62 57 56 56 63
63 63 63 63 30 34 32 62 34 34 30 34 63 31 63 34
50 51 63 51 36 50 50 51 50 50 50 34 25 63 50 62
62 31 31 63 48 3 36 52 31 31 63 31 16 52 31 39
