2 2 0 3 3 3 3 1 2 1 1 1 3 2 0 0
1 3 3 2 1 2 3 3 0 0 3 3 2 2 2 2
1 0 1 1 3 2 1 3 3 1 0 0 1 1 0 1
0 1 3 3 0 2 1 0 0 3 0 3 2 0 3 2
2 3 2 0 1 0 1 3 1 3 0 0 0 1 0 1
0 1 0 1 2 1 1 3 1 3 3 2 2 0 3 2
1 2 1 1 2 3 1 3 2 2 0 3 3 2 1 3
3 2 3 3 2 0 1 1 2 3 2 0 2 2 1 0
0 0 2 2 3 2 1 3 1 3 2 0 2 1 2 3
1 2 2 1 2 1 1 0 2 2 1 2 1 0 0 0
2 3 0 1 3 0 2 1 2 1 1 0 1 3 1 3
1 1 1 2 0 0 0 0 0 2 3 3 1 1 1 0
2 1 1 0 0 2 2 2 0 3 0 2 0 3 3 2
2 1 2 0 0 2 1 0 2 0 0 1 0 1 0 0
3 3 2 3 1 1 2 1 3 2 0 3 0 1 2 3
3 1 1 2 2 0 3 0 2 0 0 0 0 0 3 0
51 20 27 56 39 37 53 29 51 29 13 31 24 33 41 12
38 30 23 52 22 58 14 53 25 44 40 56 52 52 42 36
13 25 31 48 56 35 16 62 30 15 44 44 16 13 41 16
12 47 30 24 12 52 48 41 59 24 59 40 49 57 21 36
36 40 49 28 54 44 54 40 31 30 25 25 3 16 12 16
12 45 43 47 51 38 45 37 15 23 37 20 20 28 14 33
38 33 38 48 35 24 38 24 33 33 25 37 53 35 29 37
23 35 53 56 20 59 29 29 17 56 20 43 19 51 31 43
43 43 51 58 14 58 22 14 22 23 58 59 58 48 42 53
15 17 36 63 17 47 48 59 17 17 32 42 31 44 60 28
36 30 28 32 40 60 49 32 52 54 32 18 15 21 22 21
15 22 13 19 41 57 41 57 28 42 14 21 61 13 63 50
2 47 47 18 18 42 19 19 50 21 50 2 57 23 39 19
2 63 2 18 18 35 32 60 2 57 60 61 60 61 50 50
39 39 49 39 61 61 49 54 62 26 27 62 3 63 26 62
62 45 63 26 26 3 55 27 26 34 34 34 27 34 55 27
