2 2 0 3 3 3 3 1 2 1 1 1 3 2 0 0
1 3 3 2 1 2 3 3 0 0 3 3 2 2 2 2
1 0 1 1 3 2 1 3 3 1 0 0 1 1 0 1
0 1 3 3 0 2 1 0 0 3 0 3 2 0 3 2
2 3 2 0 1 0 1 3 1 3 0 0 0 1 0 1
1 3 1 3 3 0 3 3 3 3 3 1 2 3 2 0
1 2 0 2 2 3 2 2 2 0 3 1 1 1 1 2
1 0 2 3 2 3 2 2 2 0 2 2 2 2 0 1
2 0 1 2 3 2 2 3 2 1 0 3 3 1 1 3
3 3 2 2 1 1 0 1 2 3 3 2 1 0 3 0
0 3 3 1 0 2 0 2 1 1 0 2 1 1 1 0
2 2 1 2 0 1 2 2 1 3 1 3 3 3 3 1
1 1 1 1 1 1 1 1 0 1 1 1 1 1 3 2
2 1 1 1 3 2 3 2 1 0 2 1 0 1 3 3
2 1 2 3 3 1 0 2 1 1 0 0 0 1 0 1
2 1 1 1 3 2 1 2 1 1 1 1 1 0 1 2
51 20 27 56 39 37 53 29 51 29 13 31 24 33 41 12
38 30 23 52 22 58 14 53 25 44 40 56 52 52 42 36
13 25 31 48 56 35 16 62 30 15 44 44 16 13 41 16
12 47 30 24 12 52 48 41 59 24 59 40 49 57 21 36
36 40 49 28 54 44 54 40 31 30 25 25 3 16 12 16
45 37 15 23 40 44 40 40 40 40 40 32 52 56 51 3
16 58 44 42 2 56 2 42 51 12 37 29 29 29 29 33
29 34 33 56 20 37 33 20 33 60 20 33 33 33 25 48
26 43 38 35 14 20 20 24 33 38 57 37 23 38 38 23
23 23 35 35 38 47 28 38 17 37 37 17 31 43 37 28
43 37 37 15 28 58 43 51 38 54 28 51 15 47 48 28
58 42 47 42 28 15 36 58 63 14 29 14 14 40 14 48
15 22 38 29 15 15 38 29 60 48 22 29 38 29 56 19
36 16 16 16 30 35 21 36 16 28 19 29 28 31 21 21
17 48 17 21 21 15 12 58 38 38 12 28 12 63 50 13
2 13 29 15 21 19 29 17 29 16 13 29 29 28 29 19
