7 4 1 1 0 5 7 5 7 1 7 5 1 3 1 0
1 7 7 0 0 0 0 5 7 0 7 7 7 7 7 0
0 0 0 0 0 0 0 2 0 2 6 6 0 2 6 2
2 2 6 3 2 6 0 1 0 6 0 6 6 6 0 0
0 0 3 6 3 2 4 2 6 6 6 6 2 2 5 4
1 1 3 6 2 2 2 2 6 6 3 3 1 6 2 3
3 4 5 1 3 3 2 3 4 2 2 2 3 3 5 3
7 7 4 2 3 1 5 5 5 5 7 4 1 4 7 5
1 3 2 3 3 4 4 4 1 4 7 7 4 4 7 2
3 4 2 3 3 7 3 5 7 3 7 3 4 7 5 4
1 5 7 2 7 4 1 5 4 7 6 4 2 2 4 3
7 4 7 4 5 7 4 7 2 3 5 4 1 4 5 6
5 3 2 3 2 6 3 5 5 0 3 5 6 6 5 2
2 2 4 5 6 5 2 5 4 1 4 4 0 1 4 1
0 0 2 5 4 2 5 4 5 0 0 0 0 1 0 0
4 1 1 1 1 3 1 0 0 1 1 1 1 1 4 3
14 30 37 37 26 31 23 31 55 37 35 31 37 7 37 26
37 23 23 26 26 26 26 21 45 36 45 45 45 45 45 36
46 58 58 58 58 58 58 38 36 18 13 44 46 38 44 38
38 38 44 51 38 22 36 47 36 13 46 44 44 44 36 46
46 46 39 22 51 28 20 18 13 13 13 13 18 18 21 30
27 27 61 22 28 6 6 18 22 22 19 61 47 22 18 61
61 20 21 27 51 61 6 61 62 6 6 6 19 39 53 51
55 35 8 28 39 47 12 53 12 21 35 8 47 62 23 53
47 51 50 51 19 62 20 8 47 20 23 35 20 62 35 50
19 20 28 19 39 55 39 21 55 39 55 19 62 23 21 62
27 53 35 28 55 42 27 12 42 14 34 42 50 28 42 7
14 42 14 42 63 14 8 14 60 7 53 52 27 8 12 34
53 7 60 7 60 34 7 63 63 4 29 63 34 34 12 50
60 60 8 63 34 63 60 12 30 16 30 30 15 5 30 16
4 4 50 31 52 50 31 52 31 4 15 15 4 16 4 15
52 16 5 5 16 29 59 15 15 16 5 5 5 59 52 29
