5 5 5 5 5 5 3 3 3 3 3 4 3 3 7 1
0 4 4 0 1 4 1 4 4 4 1 1 7 1 3 5
5 1 7 5 5 5 4 5 4 1 5 1 4 5 4 5
7 1 3 4 5 5 0 3 7 4 1 4 5 4 1 5
7 7 0 4 0 7 4 5 4 4 5 7 3 5 7 7
7 0 3 7 7 7 0 4 6 0 7 6 5 7 6 5
0 7 7 7 2 7 7 2 0 6 3 0 0 3 6 4
6 3 0 6 7 7 4 0 3 4 0 2 3 0 4 0
6 6 0 3 0 0 3 6 2 6 3 6 0 0 7 6
3 3 0 7 3 0 3 3 1 2 3 3 3 6 6 7
1 1 3 1 2 7 7 3 7 5 5 5 5 6 1 2
2 1 2 5 2 1 2 2 6 2 1 1 2 5 1 6
2 1 5 2 5 2 6 6 6 5 2 1 5 1 1 2
5 1 5 0 6 2 1 0 0 2 0 0 2 2 2 2
0 2 6 2 0 6 0 3 0 6 0 6 2 0 3 1
0 2 6 1 6 2 3 4 4 2 3 3 3 4 4 6
31 31 31 31 31 31 29 29 29 29 29 62 29 7 23 59
15 62 62 15 59 52 59 62 62 62 59 59 14 59 7 43
53 37 14 12 43 12 42 12 8 37 53 37 42 12 8 12
14 37 7 8 53 12 15 7 35 8 37 8 43 8 37 53
14 14 15 42 15 35 42 43 42 42 53 35 7 53 35 35
14 15 7 45 35 45 26 52 22 4 45 13 43 23 22 43
26 23 45 45 18 45 23 60 46 22 51 4 46 51 22 52
22 51 4 13 23 23 52 4 61 52 4 38 19 4 52 46
22 13 26 51 26 26 51 54 38 13 51 13 26 46 55 13
19 61 46 55 19 46 61 61 47 38 61 61 19 54 54 55
27 5 19 47 38 55 55 19 55 63 63 63 21 54 47 28
60 27 38 63 38 47 28 60 44 60 47 47 60 63 27 44
60 27 21 18 21 28 54 34 44 21 28 27 63 5 27 28
21 5 21 36 54 50 5 36 36 28 36 36 18 50 18 18
36 18 34 50 58 34 58 39 58 34 58 44 50 58 39 5
58 50 34 5 34 50 39 30 20 6 39 39 39 20 30 44
