5 6 4 3 3 2 6 6 4 4 4 6 6 6 6 4
6 3 3 0 3 6 6 6 4 4 4 3 3 4 6 3
3 6 3 3 5 6 4 4 4 7 3 4 5 6 7 5
2 2 7 0 5 5 5 5 1 7 1 6 6 7 1 6
6 1 1 1 5 1 1 5 5 5 1 5 5 5 5 1
1 7 4 1 1 1 1 1 1 1 1 6 1 1 6 6
6 6 5 6 5 5 7 4 5 4 1 5 6 1 4 2
2 2 2 2 5 7 1 7 1 7 1 3 5 5 1 4
4 0 3 7 7 3 6 6 3 1 1 1 0 6 0 0
0 6 0 3 3 0 0 0 0 1 2 2 2 1 1 2
1 1 1 2 2 2 4 4 0 2 3 7 3 2 5 2
2 7 7 7 7 7 3 7 4 3 5 5 5 5 4 4
4 4 3 3 2 2 5 3 3 4 4 3 2 2 2 5
5 5 4 5 5 5 2 2 2 2 2 7 3 2 3 3
4 0 0 0 3 0 0 0 0 0 0 4 7 4 7 3
0 0 3 7 0 0 4 4 4 3 4 7 2 0 7 2
12 34 52 7 61 38 22 22 52 52 52 34 34 34 34 8
34 61 61 26 61 54 54 54 52 52 30 7 7 30 22 7
7 22 61 61 53 22 30 30 30 23 7 30 21 22 23 21
60 60 23 26 21 21 12 12 47 23 47 44 54 23 59 54
54 59 59 59 21 59 59 12 12 21 37 63 63 63 63 37
37 23 42 37 47 16 37 16 16 16 37 13 16 16 13 13
13 13 63 13 12 53 35 42 53 42 5 63 44 5 42 38
38 38 38 38 53 35 5 35 47 35 47 29 53 53 5 42
42 15 29 35 35 29 44 44 29 5 5 47 26 44 26 26
15 44 26 29 29 15 15 15 15 27 60 60 60 27 27 60
27 27 27 28 28 6 8 62 36 28 19 14 19 28 31 28
28 45 14 14 14 14 19 14 62 19 31 31 31 31 8 8
8 8 39 39 6 6 31 19 19 20 20 39 6 6 6 43
43 43 62 43 43 43 50 50 50 50 50 45 39 50 39 39
62 4 4 4 51 4 4 4 58 58 36 62 45 62 45 51
36 36 51 45 36 36 20 20 20 51 20 45 18 46 55 18
