0 0 0 0 0 0 1 1 1 1 1 1 6 6 6 3
3 6 1 2 2 3 2 2 2 2 2 3 2 3 3 2
2 2 2 2 5 5 5 2 0 0 5 0 0 5 5 5
5 4 4 6 6 6 6 5 5 5 4 1 2 2 2 7
1 3 0 2 2 4 4 7 7 6 6 6 6 6 6 4
4 3 3 3 3 7 3 0 0 0 0 7 5 1 4 1
0 6 6 3 4 4 4 4 7 7 7 7 7 1 1 1
1 0 0 0 5 5 2 2 2 2 2 2 4 7 7 7
7 5 5 1 1 1 3 3 7 0 1 0 0 0 0 4
4 0 4 5 5 5 5 5 5 3 3 1 1 0 1 1
1 1 0 7 3 3 3 1 3 3 3 2 2 2 2 2
3 3 3 3 3 0 5 5 7 7 7 7 7 7 7 5
5 5 7 7 5 5 5 0 4 7 1 1 1 1 1 3
3 3 1 1 1 1 1 5 7 4 2 2 5 7 7 4
4 2 6 6 6 4 4 0 0 4 4 0 0 0 0 4
4 4 4 4 4 3 2 2 2 4 4 4 4 4 4 0
4 4 4 4 4 4 5 5 5 5 5 5 34 34 34 39
7 34 16 6 18 7 6 6 6 6 6 7 28 7 19 28
28 28 28 28 12 12 12 60 46 46 12 46 36 63 63 12
12 20 20 22 22 22 22 63 63 63 20 16 60 60 60 45
47 7 15 60 60 8 8 45 45 44 44 44 44 44 44 42
42 39 39 39 39 35 39 36 36 36 36 45 43 27 42 37
46 34 34 29 8 8 8 8 23 23 14 14 14 16 16 16
16 46 46 15 31 43 38 38 38 38 38 38 42 23 23 23
23 43 43 37 37 37 61 61 35 26 59 26 26 26 26 20
20 15 20 53 53 53 53 53 53 29 29 47 47 15 37 47
47 47 36 45 51 51 51 37 29 29 29 18 18 18 18 18
19 19 19 19 19 15 43 43 55 55 55 35 35 35 35 21
21 21 55 55 21 21 21 15 30 55 59 59 59 59 59 51
51 51 27 27 27 27 27 63 14 30 50 50 31 14 14 30
42 50 54 22 22 42 30 58 58 30 30 58 58 58 58 62
62 62 62 62 62 7 50 50 50 52 52 52 52 52 52 26
