0 0 0 0 0 0 2 2 2 2 4 2 1 2 3 4
4 4 4 3 3 0 1 3 6 3 3 3 1 1 1 5
4 4 7 1 1 7 1 6 3 0 7 6 3 3 3 3
3 3 4 6 6 6 6 4 6 4 1 1 1 6 4 4
4 4 4 4 4 4 4 4 6 6 6 6 6 7 4 3
3 1 1 4 4 4 3 3 3 7 3 3 3 3 5 5
7 7 5 5 5 5 7 2 7 1 1 1 1 3 1 4
1 1 5 2 0 0 0 0 0 2 0 0 0 0 0 7
7 7 7 7 0 2 2 2 2 2 6 7 3 5 5 5
5 5 6 6 6 1 1 1 1 1 0 0 0 0 0 0
0 0 7 0 0 0 6 6 2 2 2 7 7 2 2 2
4 4 4 4 2 2 2 2 2 2 4 5 5 5 5 5
5 5 6 2 2 5 5 7 7 7 7 5 5 5 7 1
1 1 1 6 1 1 0 0 2 2 2 0 0 0 0 1
3 3 3 3 3 6 6 4 4 4 4 4 4 1 1 5
5 5 5 7 7 5 3 3 3 3 3 3 2 2 1 1
4 4 4 4 4 4 6 6 6 6 8 6 5 6 7 8
8 8 8 7 7 15 16 61 13 61 61 61 37 37 37 53
42 42 14 37 37 14 37 34 61 46 35 13 51 51 51 51
51 51 62 34 34 34 34 52 13 52 5 5 5 13 52 52
52 52 62 62 42 42 42 42 44 44 44 44 44 45 8 7
7 5 5 62 62 62 7 29 39 14 39 39 39 39 12 12
14 23 12 12 12 12 14 38 14 16 16 16 16 39 27 30
16 59 31 28 26 26 26 26 26 60 26 15 15 15 15 23
23 23 23 23 15 60 60 60 60 60 22 35 61 31 31 31
31 31 22 22 22 59 59 59 59 59 58 58 58 46 46 46
46 46 45 58 58 58 22 22 50 50 50 35 35 50 50 50
30 30 30 30 18 18 18 18 18 18 30 43 43 43 43 43
43 21 44 38 38 21 21 45 45 45 45 21 21 21 55 47
47 47 47 34 27 27 36 36 38 38 38 36 36 36 36 27
29 29 29 29 29 13 13 20 20 20 20 20 20 47 47 53
53 53 53 35 35 53 19 19 19 19 19 19 28 28 27 27
