7 7 7 7 7 7 0 0 0 0 0 0 1 1 1 0
1 1 1 2 2 2 6 4 6 2 6 1 1 6 6 6
1 0 2 0 0 0 0 1 1 2 2 2 2 2 5 5
1 5 5 0 0 5 5 5 5 5 4 4 5 5 4 4
5 4 4 5 5 2 5 1 6 2 5 5 5 2 2 2
0 2 7 0 5 5 5 4 5 4 4 2 2 5 4 0
4 6 7 6 4 3 3 4 4 6 3 3 3 1 1 5
6 1 1 6 0 6 6 6 0 0 0 7 0 0 0 4
4 2 7 3 6 2 3 4 7 5 4 4 5 5 3 3
3 1 7 2 1 2 7 7 2 2 3 3 3 3 3 1
4 6 4 2 4 0 4 2 3 2 6 1 6 1 3 2
7 2 2 4 6 4 4 4 6 3 6 6 6 1 6 3
1 4 4 3 3 3 3 0 0 2 6 2 0 2 1 5
2 2 2 3 0 0 0 5 3 7 7 1 1 1 6 3
7 7 7 0 6 1 1 6 6 3 5 7 7 3 3 7
3 3 5 4 4 4 4 4 4 1 5 1 7 3 1 1
23 23 23 23 23 23 4 4 4 4 4 4 5 5 5 26
5 5 5 28 28 28 13 42 13 28 13 37 37 13 13 13
37 26 6 26 26 26 26 37 37 6 6 6 6 6 63 63
37 21 63 58 58 63 63 63 31 31 8 8 31 21 8 8
31 8 8 31 21 28 31 16 22 50 21 21 21 28 50 50
15 50 55 15 12 12 12 52 12 52 52 50 50 12 52 58
52 34 35 34 62 7 7 20 20 34 7 7 7 16 16 12
22 59 16 22 15 22 22 22 58 58 58 35 15 15 15 52
20 18 14 61 34 18 7 20 35 53 20 20 53 53 61 61
61 16 35 18 16 18 35 35 18 18 19 19 19 51 51 59
62 34 62 60 42 36 42 60 51 60 34 59 44 59 51 60
55 60 60 42 54 62 62 62 54 19 54 54 54 59 54 19
59 42 42 19 29 51 51 36 36 38 44 38 46 38 27 43
38 38 38 61 36 36 36 53 61 14 14 27 27 27 44 39
14 14 14 46 44 27 27 44 44 39 53 55 55 39 39 55
39 39 53 30 30 30 30 30 30 47 43 47 55 29 47 47
