0 1 1 6 5 5 4 1 2 3 4 0 2 3 4 4
5 2 4 2 6 5 2 5 5 1 5 5 3 4 6 0
2 4 0 3 6 7 2 3 2 0 6 7 0 5 2 2
5 5 3 4 1 1 1 1 2 5 4 2 3 2 5 1
1 3 3 3 1 1 1 7 6 0 7 5 6 3 4 2
6 3 3 2 2 2 2 2 2 2 2 0 2 6 3 1
5 5 4 1 4 3 0 4 0 0 6 6 0 5 1 3
6 0 4 3 4 4 4 6 1 1 1 6 3 1 4 1
3 5 4 2 4 4 3 5 0 3 1 5 1 1 3 5
5 1 0 5 7 0 1 2 0 1 6 6 2 5 0 4
2 5 7 0 7 4 7 4 4 6 7 0 0 5 0 1
1 3 5 4 5 6 5 5 5 6 6 5 4 0 5 1
0 1 0 0 3 1 4 4 5 4 7 1 7 7 0 0
7 6 2 6 0 7 7 2 7 2 7 6 2 2 1 6
6 6 7 1 1 6 0 7 0 4 0 3 3 3 3 6
5 7 7 2 6 5 7 6 7 3 7 3 7 3 3 2
4 16 16 44 12 12 20 27 38 39 42 36 60 7 20 42
63 50 52 28 13 21 50 12 12 16 12 12 19 52 13 4
6 52 46 19 22 23 18 29 18 15 22 45 46 31 60 60
31 31 39 20 5 5 37 37 18 21 8 60 29 18 21 5
37 29 29 29 37 37 37 45 22 58 45 63 22 29 30 60
44 61 61 38 6 38 38 6 38 6 6 58 38 22 39 59
53 53 20 27 52 19 46 52 46 46 44 22 46 43 59 7
44 26 8 7 8 8 42 54 5 47 47 54 7 5 42 47
7 43 62 18 20 20 19 21 15 19 16 31 16 16 19 31
31 59 15 63 14 4 27 50 4 5 44 13 18 43 26 8
6 21 23 15 45 8 45 62 42 54 45 4 15 21 4 27
59 7 53 42 53 54 63 43 63 54 54 43 62 15 63 59
36 59 26 36 51 27 62 62 43 62 23 27 35 23 36 36
35 34 28 34 36 35 35 28 35 28 23 34 28 28 47 34
44 34 23 47 47 34 26 35 26 52 26 39 39 39 51 13
53 55 55 60 13 53 55 13 55 51 55 51 55 51 51 50
