1 1 0 5 1 1 1 7 1 1 2 3 7 7 0 4
7 4 0 1 4 7 2 4 4 5 3 1 4 5 5 1
6 3 4 7 1 4 7 3 7 4 7 6 3 1 6 3
5 2 7 7 5 6 7 6 2 2 6 3 2 7 5 5
5 2 1 6 3 7 6 7 5 5 5 5 3 3 5 3
0 1 6 6 0 5 2 2 0 5 1 6 6 0 0 0
5 4 6 4 0 0 0 7 1 5 0 1 0 2 1 1
0 0 6 2 4 7 7 4 6 7 4 2 2 3 5 3
1 4 3 3 2 4 3 4 2 2 0 3 4 4 3 1
4 1 3 1 4 3 4 1 6 7 3 4 4 5 1 0
0 4 5 7 0 3 0 4 5 0 4 1 0 3 6 3
1 4 3 4 1 5 0 3 5 1 3 7 1 6 6 6
6 0 0 1 3 3 1 5 6 4 6 7 6 2 6 2
0 5 2 6 0 0 0 0 7 7 3 1 2 5 0 5
4 6 3 4 2 0 4 1 7 2 2 4 4 5 2 7
3 7 3 0 1 1 5 5 6 5 5 6 5 2 0 2
37 27 58 31 59 27 27 35 59 16 28 39 14 45 58 30
45 30 58 27 30 45 18 20 52 21 29 37 52 21 43 47
44 7 20 55 59 20 55 39 45 8 35 54 61 27 44 19
12 6 23 35 21 34 45 34 18 38 54 39 38 35 21 31
43 18 27 34 29 35 13 45 21 12 12 43 19 39 12 51
46 59 13 13 15 21 60 60 46 12 59 54 22 15 26 46
43 62 44 62 15 36 36 23 5 12 36 16 46 38 5 37
26 26 22 28 30 55 55 20 22 23 30 6 38 51 31 51
16 52 51 51 28 8 51 20 38 38 4 39 52 52 29 16
20 37 29 37 8 7 52 37 44 23 39 62 62 43 16 36
36 42 53 23 46 61 46 62 53 36 42 47 58 61 44 61
16 62 61 42 47 31 4 7 63 5 19 55 47 13 34 34
34 58 26 5 29 29 59 53 13 30 22 55 22 6 13 28
15 63 6 54 4 58 4 26 35 14 19 5 6 43 26 53
42 22 19 8 6 15 8 5 23 28 28 42 8 63 50 14
19 14 7 15 47 47 53 31 44 63 31 54 53 60 4 50
