0 4 3 2 2 2 2 2 2 3 3 3 1 0 1 0
0 0 4 1 3 4 7 1 3 1 0 3 1 6 6 1
3 1 5 6 0 7 6 2 2 3 6 2 6 7 2 3
4 1 1 0 2 3 1 0 0 4 5 6 3 3 5 1
0 4 4 3 2 6 1 2 2 6 1 0 6 0 2 0
3 4 2 3 4 0 3 0 7 3 4 4 5 5 7 6
1 5 6 7 5 6 1 1 0 3 2 5 2 0 1 6
7 0 3 7 3 7 4 5 0 0 4 4 0 4 2 0
1 4 4 2 1 6 0 6 1 2 2 4 3 6 4 3
3 2 6 4 7 7 1 3 2 1 0 6 5 6 2 2
6 6 7 6 5 7 5 3 5 3 3 5 5 7 2 1
2 6 6 4 2 5 7 4 2 2 6 4 5 4 0 2
0 2 0 7 4 1 7 7 2 4 5 4 4 4 5 3
5 4 3 5 4 0 5 2 7 4 0 6 0 5 5 5
7 7 0 7 1 5 5 1 7 3 5 1 5 5 5 0
7 7 3 3 6 0 7 2 1 7 1 6 7 1 6 0
4 8 7 6 6 6 6 6 6 7 7 7 5 4 5 4
4 4 8 5 7 8 14 27 7 37 58 61 37 13 13 16
29 16 12 13 15 23 22 18 28 19 22 18 34 35 28 29
30 27 37 15 28 29 37 46 15 52 21 54 61 19 21 27
36 30 30 39 38 34 37 38 38 34 37 36 34 36 38 46
39 30 38 51 20 58 29 26 35 19 30 30 53 53 14 22
16 53 44 55 53 54 59 59 26 29 28 43 18 36 16 22
23 26 19 23 39 14 62 12 15 15 62 62 15 62 60 36
16 52 62 18 5 34 36 34 5 38 18 42 39 54 42 19
61 28 22 62 23 45 27 19 18 5 26 13 21 44 60 50
54 54 14 22 63 14 63 39 63 29 39 63 63 45 28 27
50 54 13 42 50 21 14 8 60 50 44 52 21 42 58 50
58 50 26 55 42 27 45 35 60 52 21 52 42 52 12 51
53 20 51 53 20 58 12 60 35 20 58 13 26 31 43 43
23 55 46 23 47 43 43 16 55 51 43 47 12 63 12 46
35 45 51 61 44 46 55 60 47 55 47 44 35 47 44 46
