5 0 3 0 4 6 7 7 6 0 1 5 4 4 2 3
0 2 3 7 1 4 6 3 4 6 0 1 3 5 3 7
3 5 4 3 0 7 6 1 6 4 1 2 2 4 7 5
5 3 7 3 5 7 7 2 7 6 5 0 2 5 5 3
2 3 5 0 3 6 1 4 6 1 0 5 1 5 1 5
1 3 3 7 0 6 6 5 7 7 3 0 2 4 2 1
5 0 2 3 3 6 0 5 5 3 4 2 1 5 2 2
7 5 3 5 2 1 5 4 5 1 1 1 1 3 1 4
1 3 4 2 4 4 6 2 6 1 2 4 4 1 6 1
2 2 2 2 2 2 2 2 2 5 3 3 5 6 2 3
0 2 2 7 3 7 3 1 2 2 1 2 7 1 3 1
0 0 1 4 3 3 0 0 5 1 7 7 7 6 3 4
5 6 0 6 6 1 6 7 2 0 0 0 5 4 6 4
7 5 3 4 0 5 5 5 5 4 0 4 7 7 4 3
4 5 5 4 1 4 7 0 5 2 2 1 4 4 1 1
4 6 6 6 6 0 4 0 0 7 0 0 0 7 7 7
53 4 7 58 8 13 14 23 22 15 16 21 30 20 18 29
26 60 39 35 5 62 44 61 42 34 36 37 51 31 19 35
7 43 8 7 15 45 13 27 34 8 5 38 38 20 35 31
31 61 45 7 21 35 45 60 14 44 31 58 38 31 21 29
38 39 31 15 29 44 47 30 22 5 15 63 5 53 5 53
5 61 29 23 15 54 54 43 35 23 51 36 6 42 50 37
43 36 38 39 7 22 15 53 21 7 20 28 16 43 6 18
23 43 19 43 6 37 53 20 63 59 37 59 37 51 37 30
16 39 30 18 30 30 22 60 44 16 60 20 20 16 44 16
18 28 50 28 28 50 28 50 28 21 39 39 21 44 60 19
36 50 50 23 29 14 29 59 38 18 27 18 23 47 51 27
58 36 27 42 19 19 36 4 63 27 14 14 14 13 19 52
12 22 26 13 13 27 22 35 60 4 4 4 53 42 13 52
45 63 51 52 4 12 12 12 12 52 26 42 45 45 52 51
42 63 12 52 47 62 55 58 63 6 6 47 62 62 47 47
62 54 54 54 54 46 62 46 46 55 46 46 46 55 55 55
