5 0 3 0 4 6 7 7 6 0 1 5 4 4 2 3
0 2 3 7 1 4 6 3 4 6 0 1 3 5 3 7
3 5 4 3 0 7 6 1 6 4 1 2 2 4 7 5
5 3 7 3 5 7 7 2 7 6 5 0 2 5 5 3
2 3 5 0 5 5 1 4 6 1 5 5 1 3 5 5
1 0 3 7 0 2 7 3 3 5 3 5 2 4 3 3
5 3 2 3 5 1 2 2 2 0 4 2 0 2 1 2
7 2 6 2 2 5 2 4 4 3 5 7 7 3 4 2
5 2 5 2 0 4 0 2 2 2 4 1 4 0 5 2
4 2 1 4 2 4 1 2 4 2 6 2 5 5 5 2
5 0 0 0 0 2 1 4 2 6 0 0 7 5 7 1
0 1 2 1 0 1 0 5 1 1 5 1 0 1 7 5
0 5 1 5 0 0 2 5 2 0 6 0 2 7 0 2
0 4 0 0 4 1 5 4 2 2 4 7 3 5 4 6
6 7 7 2 5 0 7 7 2 0 1 4 7 5 3 2
2 1 3 0 6 2 5 3 7 1 6 7 7 0 7 6
53 4 7 58 8 13 14 23 22 15 16 21 30 20 18 29
26 60 39 35 5 62 44 61 42 34 36 37 51 31 19 35
7 43 8 7 15 45 13 27 34 8 5 38 38 20 35 31
31 61 45 7 21 35 45 60 14 44 31 58 38 31 21 29
38 39 31 15 31 31 47 30 22 5 63 63 5 29 53 53
5 15 29 23 15 18 23 51 51 43 51 43 18 42 51 19
43 51 60 19 43 59 60 18 50 46 20 18 46 50 59 18
23 50 22 50 50 53 50 20 42 51 53 14 14 51 42 28
31 28 31 38 15 30 15 38 60 38 30 16 20 36 12 28
30 28 16 30 28 8 27 28 30 28 44 28 31 43 31 28
43 15 26 15 4 28 5 30 38 44 26 4 23 21 23 27
15 16 38 16 15 16 36 31 16 37 31 16 15 37 14 31
15 21 37 12 15 15 38 21 60 15 22 15 38 23 15 28
15 20 15 15 30 16 21 20 28 28 30 23 7 31 20 44
44 23 23 38 21 15 23 23 38 15 27 30 23 63 19 38
38 16 7 15 44 38 53 19 23 16 22 23 23 15 23 22
