0 0 0 0 0 0 0 0 0 0 0 0 0 0 0 0
0 0 0 0 0 0 0 0 0 0 0 0 0 0 0 0
0 0 0 0 0 0 0 0 0 0 0 0 0 0 0 0
0 0 0 0 0 0 0 0 0 0 0 0 0 0 0 0
0 0 0 0 0 0 0 0 0 0 0 0 0 0 0 0
0 0 0 0 0 0 0 0 0 0 0 0 0 0 0 0
0 0 0 0 0 0 0 0 0 0 0 0 0 0 0 0
0 0 0 0 0 0 0 0 0 0 0 0 0 0 0 0
0 0 0 0 0 0 0 0 0 0 0 0 0 0 0 0
0 0 0 0 0 0 0 0 0 0 0 0 0 0 0 0
0 0 0 0 0 0 0 0 0 0 0 0 0 0 0 0
0 0 0 0 0 0 0 0 0 0 0 0 0 0 0 0
0 0 0 0 0 0 0 0 0 0 0 0 0 0 0 0
0 0 0 0 0 0 0 0 0 0 0 0 0 0 0 0
0 0 0 0 0 0 0 0 0 0 0 0 0 0 0 0
0 0 0 0 0 0 0 0 0 0 0 0 0 0 0 0
59 71 71 20 20 20 71 71 68 68 68 20 26 68 66 52
52 66 66 66 67 44 44 27 4 4 4 67 67 44 44 43
67 64 64 27 6 6 29 58 50 50 64 64 39 70 39 39
70 70 70 69 43 43 43 32 32 45 69 69 45 45 32 45
65 65 69 30 29 58 32 33 33 33 15 15 15 15 12 12
12 12 16 16 16 52 17 14 14 21 14 14 52 49 49 65
16 13 17 17 65 13 50 41 41 41 58 58 50 22 53 53
53 35 28 28 40 33 24 24 24 9 9 9 9 60 60 36
40 55 55 48 48 48 60 60 10 40 40 29 31 25 25 11
56 11 56 11 56 11 48 56 59 59 19 59 25 25 54 54
54 54 55 49 49 63 63 10 10 10 57 57 55 46 46 47
57 57 37 37 37 63 63 4 47 47 47 24 35 35 35 29
8 8 8 8 5 37 41 5 5 5 21 21 21 23 23 23
46 46 53 23 27 27 22 22 22 51 51 51 51 62 62 38
38 38 39 30 30 30 19 19 19 18 18 18 18 38 42 42
42 42 26 26 26 36 36 36 61 61 61 61 34 34 34 34
