0 0 0 0 0 0 0 0 0 0 0 0 0 0 0 0
0 0 0 0 0 0 0 0 0 0 0 0 0 0 0 0
0 0 0 0 0 0 0 0 0 0 0 0 0 0 0 0
0 0 0 0 0 0 0 0 0 0 0 0 0 0 0 0
0 0 0 0 0 0 0 0 0 0 0 0 0 0 0 0
0 0 0 0 0 0 0 0 0 0 0 0 0 0 0 0
0 0 0 0 0 0 0 0 0 0 0 0 0 0 0 0
0 0 0 0 0 0 0 0 0 0 0 0 0 0 0 0
0 0 0 0 0 0 0 0 0 0 0 0 0 0 0 0
0 0 0 0 0 0 0 0 0 0 0 0 0 0 0 0
0 0 0 0 0 0 0 0 0 0 0 0 0 0 0 0
0 0 0 0 0 0 0 0 0 0 0 0 0 0 0 0
0 0 0 0 0 0 0 0 0 0 0 0 0 0 0 0
0 0 0 0 0 0 0 0 0 0 0 0 0 0 0 0
0 0 0 0 0 0 0 0 0 0 0 0 0 0 0 0
0 0 0 0 0 0 0 0 0 0 0 0 0 0 0 0
43 43 43 43 68 68 68 4 4 4 4 60 68 28 26 26
26 26 28 28 18 18 13 13 28 37 37 37 37 12 33 52
52 52 52 13 13 23 39 39 39 39 6 5 6 6 6 19
42 49 49 49 62 9 30 7 30 7 17 17 47 62 62 62
35 42 42 42 5 12 12 20 31 31 31 31 71 12 14 54
54 54 54 30 36 36 35 30 36 36 35 35 71 38 15 20
24 19 19 24 24 24 21 16 16 55 55 55 51 51 51 51
40 32 32 15 15 15 27 59 56 47 47 47 38 27 60 41
41 71 71 5 5 14 16 16 14 14 67 67 67 44 44 44
44 45 45 27 27 55 41 32 32 67 61 69 63 56 56 63
63 40 40 40 59 48 70 70 70 45 45 70 61 61 61 48
48 48 17 66 11 11 63 11 50 50 38 50 38 50 53 53
53 41 53 22 22 19 22 49 64 23 58 58 58 7 46 46
46 46 66 57 57 21 21 21 7 11 60 60 56 20 9 9
9 10 10 22 25 25 58 18 18 8 57 57 69 10 10 69
8 69 23 23 8 8 59 59 25 64 64 64 65 65 65 65
