0 0 0 0 0 0 0 0 0 0 0 0 0 0 0 0
0 0 0 0 0 0 0 0 0 0 0 0 0 0 0 0
0 0 0 0 0 0 0 0 0 0 0 0 0 0 0 0
0 0 0 0 0 0 0 0 0 0 0 0 0 0 0 0
0 0 0 0 0 0 0 0 0 0 0 0 0 0 0 0
0 0 0 0 0 0 0 0 0 0 0 0 0 0 0 0
0 0 0 0 0 0 0 0 0 0 0 0 0 0 0 0
0 0 0 0 0 0 0 0 0 0 0 0 0 0 0 0
0 0 0 0 0 0 0 0 0 0 0 0 0 0 0 0
0 0 0 0 0 0 0 0 0 0 0 0 0 0 0 0
0 0 0 0 0 0 0 0 0 0 0 0 0 0 0 0
0 0 0 0 0 0 0 0 0 0 0 0 0 0 0 0
0 0 0 0 0 0 0 0 0 0 0 0 0 0 0 0
0 0 0 0 0 0 0 0 0 0 0 0 0 0 0 0
0 0 0 0 0 0 0 0 0 0 0 0 0 0 0 0
0 0 0 0 0 0 0 0 0 0 0 0 0 0 0 0
26 25 23 23 23 23 24 28 25 4 25 4 5 4 4 25
5 11 26 13 5 24 5 42 24 13 13 13 37 11 24 56
56 21 37 56 56 17 11 63 63 31 31 11 26 17 17 17
37 6 26 6 6 8 28 8 8 6 50 21 28 37 8 21
21 31 31 40 59 15 50 63 48 40 7 50 7 50 58 58
58 58 40 63 40 60 60 7 7 60 48 49 57 57 48 48
49 57 15 22 15 15 22 22 22 28 49 12 49 12 20 35
18 12 18 18 18 9 9 57 35 35 35 59 12 51 51 51
51 52 9 62 9 52 20 52 52 20 20 59 27 16 27 16
27 27 16 19 16 14 29 14 14 14 19 19 19 38 42 42
42 60 59 62 54 41 54 53 10 10 38 36 36 36 36 10
10 29 30 30 38 62 62 53 54 54 53 53 41 38 41 44
30 30 44 29 41 44 55 47 61 55 44 55 61 55 29 61
61 39 39 39 39 47 47 47 43 43 43 46 45 33 33 46
43 46 46 33 32 32 33 32 32 45 71 71 45 45 34 71
71 69 34 69 34 69 69 68 68 68 68 67 34 67 67 67
