0 0 0 0 0 0 0 0 0 0 0 0 0 0 0 0
0 0 0 0 0 0 0 0 0 0 0 0 0 0 0 0
0 0 0 0 0 0 0 0 0 0 0 0 0 0 0 0
0 0 0 0 0 0 0 0 0 0 0 0 0 0 0 0
0 0 0 0 0 0 0 0 0 0 0 0 0 0 0 0
0 0 0 0 0 0 0 0 0 0 0 0 0 0 0 0
0 0 0 0 0 0 0 0 0 0 0 0 0 0 0 0
0 0 0 0 0 0 0 0 0 0 0 0 0 0 0 0
0 0 0 0 0 0 0 0 0 0 0 0 0 0 0 0
0 0 0 0 0 0 0 0 0 0 0 0 0 0 0 0
0 0 0 0 0 0 0 0 0 0 0 0 0 0 0 0
0 0 0 0 0 0 0 0 0 0 0 0 0 0 0 0
0 0 0 0 0 0 0 0 0 0 0 0 0 0 0 0
0 0 0 0 0 0 0 0 0 0 0 0 0 0 0 0
0 0 0 0 0 0 0 0 0 0 0 0 0 0 0 0
0 0 0 0 0 0 0 0 0 0 0 0 0 0 0 0
22 47 47 43 41 48 70 32 58 39 44 64 54 40 23 67
54 51 25 24 31 52 34 37 20 56 4 41 61 40 37 36
13 50 11 68 29 45 53 27 46 15 17 35 45 64 22 14
12 65 33 36 12 42 10 40 65 55 43 54 24 54 21 29
52 37 29 38 17 8 8 36 11 33 40 65 6 29 50 32
44 51 49 57 27 36 31 70 35 51 6 51 49 49 59 46
43 11 44 48 35 71 21 48 57 21 21 63 49 57 57 35
39 39 8 11 24 24 15 47 45 55 55 39 15 19 28 28
16 43 42 44 14 71 7 60 63 7 4 42 9 45 42 53
41 68 66 66 66 47 28 16 37 16 48 60 64 66 60 28
64 52 16 23 17 10 5 53 17 13 13 13 15 56 41 38
59 68 56 56 58 58 32 32 63 23 55 38 61 70 63 50
20 58 26 67 30 27 38 53 60 30 22 20 5 30 20 12
14 34 12 52 30 70 25 18 18 31 69 23 7 31 50 10
18 59 18 67 59 4 4 7 22 25 69 5 25 5 19 9
9 8 69 61 14 68 62 27 26 33 69 33 19 10 19 61
