0 0 0 0 0 0 0 0 0 0 0 0 0 0 0 0
0 0 0 0 0 0 0 0 0 0 0 0 0 0 0 0
0 0 0 0 0 0 0 0 0 0 0 0 0 0 0 0
0 0 0 0 0 0 0 0 0 0 0 0 0 0 0 0
0 0 0 0 0 0 0 0 0 0 0 0 0 0 0 0
0 0 0 0 0 0 0 0 0 0 0 0 0 0 0 0
0 0 0 0 0 0 0 0 0 0 0 0 0 0 0 0
0 0 0 0 0 0 0 0 0 0 0 0 0 0 0 0
0 0 0 0 0 0 0 0 0 0 0 0 0 0 0 0
0 0 0 0 0 0 0 0 0 0 0 0 0 0 0 0
0 0 0 0 0 0 0 0 0 0 0 0 0 0 0 0
0 0 0 0 0 0 0 0 0 0 0 0 0 0 0 0
0 0 0 0 0 0 0 0 0 0 0 0 0 0 0 0
0 0 0 0 0 0 0 0 0 0 0 0 0 0 0 0
0 0 0 0 0 0 0 0 0 0 0 0 0 0 0 0
0 0 0 0 0 0 0 0 0 0 0 0 0 0 0 0
22 47 47 43 41 48 70 32 58 39 44 64 54 40 23 67
54 51 25 24 31 52 34 37 20 56 4 41 61 40 37 36
13 50 11 68 29 45 53 27 46 15 17 35 45 64 22 14
12 65 33 36 12 42 10 40 65 55 43 54 24 54 21 29
52 37 29 38 17 8 8 36 11 33 40 65 6 29 50 32
44 51 49 57 27 36 51 70 46 6 51 36 49 42 58 48
57 36 60 48 59 47 21 61 57 17 36 63 49 17 36 37
29 39 36 71 24 37 21 36 36 60 39 36 28 51 20 39
16 31 37 28 37 37 37 25 28 13 37 37 37 48 42 57
15 21 55 55 55 11 27 55 4 37 37 42 31 43 60 28
15 57 55 15 40 11 29 30 17 37 5 37 15 21 37 30
59 37 37 42 37 37 37 37 63 23 29 41 41 13 41 45
15 11 66 67 66 66 11 11 66 11 66 11 69 11 5 11
18 18 28 18 30 58 11 28 11 28 69 57 7 28 20 21
20 48 17 20 21 15 21 58 38 15 69 23 15 63 50 38
28 28 7 15 21 15 23 28 28 21 28 44 23 15 23 13
