1 1 1 1 0 0 1 0 1 1 0 1 0 1 1 0
1 1 0 0 1 0 1 1 0 1 1 1 1 0 1 0
0 0 0 1 1 1 0 1 0 1 1 0 0 1 1 0
0 0 1 0 1 0 1 0 0 0 0 1 0 0 0 0
1 0 1 1 0 0 1 1 0 0 0 1 0 1 1 0
0 0 0 1 0 0 0 1 0 1 0 1 1 0 1 1
1 0 1 0 1 1 1 1 0 1 0 0 1 0 1 1
0 1 1 1 1 1 1 0 1 0 0 0 1 1 1 1
1 1 1 1 0 1 0 1 1 1 1 1 0 1 1 1
1 0 0 0 0 0 0 0 0 0 0 0 1 1 0 1
0 0 0 0 0 0 0 1 0 0 1 1 0 1 0 1
0 0 0 1 1 1 1 0 1 0 0 0 0 0 0 1
0 1 1 0 0 0 0 0 1 0 0 1 0 1 0 0
0 0 1 0 1 1 0 0 1 1 0 0 0 0 0 0
0 1 0 1 1 0 1 1 1 0 1 0 0 1 0 0
0 0 0 1 1 1 1 1 1 1 1 0 1 1 1 1
22 35 35 20 3 44 28 11 59 57 38 24 36 24 47 25
12 6 7 56 20 29 14 57 60 10 51 6 45 62 63 54
27 3 36 55 55 35 17 6 23 8 55 44 5 6 55 17
42 31 6 3 63 29 55 31 31 44 3 10 27 31 31 27
63 19 47 63 27 44 35 53 11 13 3 41 13 41 26 46
46 13 56 57 52 19 23 53 46 10 27 24 47 42 39 39
49 36 10 48 43 12 12 18 60 12 60 58 35 42 53 37
42 53 30 24 30 30 30 29 30 56 42 7 4 51 20 37
37 37 37 20 60 8 7 16 20 59 16 59 23 16 16 16
47 25 7 50 17 29 52 50 29 58 25 58 47 43 58 28
36 50 50 23 50 7 52 41 38 40 12 4 15 43 40 28
15 36 23 28 28 4 63 11 4 11 38 38 38 40 58 43
15 4 43 48 40 15 19 48 51 48 48 51 40 49 21 21
21 21 51 21 41 57 11 19 22 57 19 5 60 17 17 52
5 14 5 14 14 15 8 14 18 52 18 5 25 18 56 13
56 13 25 22 8 39 53 41 39 39 22 44 10 8 18 22
