1 1 1 1 0 0 1 0 1 1 0 1 0 1 1 0
1 1 0 0 1 0 1 1 0 1 1 1 1 0 1 0
0 0 0 1 1 1 0 1 0 1 1 0 0 1 1 0
0 0 1 0 0 1 0 0 1 1 1 1 0 0 0 1
0 1 1 1 0 0 0 0 0 0 0 1 0 0 0 1
1 1 1 1 1 1 1 1 1 1 1 1 1 0 1 1
1 0 1 1 1 1 0 0 0 0 0 0 1 0 0 0
0 1 1 0 1 0 0 1 0 0 0 0 0 0 0 0
1 1 1 1 1 1 1 1 1 1 1 1 1 1 0 1
0 1 1 1 0 0 0 0 0 0 1 0 0 1 1 0
1 0 0 1 1 0 0 0 0 0 0 0 0 1 0 0
0 0 1 0 0 0 0 0 0 1 0 0 0 0 0 0
1 0 1 1 0 0 0 0 0 0 1 0 0 0 0 0
0 1 0 1 1 0 1 1 1 1 0 0 1 0 1 1
0 1 1 0 0 0 1 1 0 0 1 0 1 1 0 0
0 1 0 0 0 0 0 0 0 0 0 0 0 0 0 0
22 35 35 20 3 44 28 11 59 57 38 24 36 24 47 25
12 6 7 56 20 29 14 57 60 10 51 6 45 62 63 54
27 3 36 55 55 35 17 6 23 8 55 44 5 6 55 17
42 31 6 23 31 55 3 44 10 55 8 47 15 5 3 4
36 59 10 41 27 31 44 31 31 42 3 63 13 31 31 39
39 57 30 24 30 30 30 30 35 39 30 30 30 42 39 18
57 11 12 12 20 24 11 23 23 3 58 58 16 7 7 7
7 26 53 7 20 7 7 20 38 56 38 56 7 38 40 40
16 35 43 47 63 30 43 43 37 51 30 37 20 37 38 35
23 43 24 35 50 50 50 50 23 5 16 5 56 43 16 50
57 52 52 45 45 38 52 50 38 29 52 42 40 16 29 52
52 52 16 52 52 42 36 52 52 20 7 52 52 40 7 7
20 7 12 12 40 40 40 21 7 21 22 21 38 15 15 38
15 16 31 37 37 58 12 12 12 28 23 29 28 31 20 14
29 14 12 38 40 15 12 14 38 15 12 15 12 57 40 38
40 4 7 15 48 40 40 23 23 40 40 23 23 15 23 11
