0 0 0 0 0 0 0 0 0 0 0 0 0 0 0 0
0 0 0 0 0 0 0 0 0 0 0 0 0 0 0 0
0 0 0 0 0 0 0 0 0 0 0 0 0 0 0 0
0 0 0 0 0 0 0 0 0 0 0 0 0 0 0 0
0 0 0 0 0 0 0 0 0 0 0 0 0 0 0 0
0 0 0 0 0 0 0 0 0 0 0 0 0 0 0 0
0 0 0 0 0 0 0 0 0 0 0 0 0 0 0 0
0 0 0 0 0 0 0 0 0 0 0 0 0 0 0 0
0 0 0 0 0 0 0 0 0 0 0 0 0 0 0 0
0 0 0 0 0 0 0 0 0 0 0 0 0 0 0 0
0 0 0 0 0 0 0 0 0 0 0 0 0 0 0 0
0 0 0 0 0 0 0 0 0 0 0 0 0 0 0 0
0 0 0 0 0 0 0 0 0 0 0 0 0 0 0 0
0 0 0 0 0 0 0 0 0 0 0 0 0 0 0 0
0 0 0 0 0 0 0 0 0 0 0 0 0 0 0 0
0 0 0 0 0 0 0 0 0 0 0 0 0 0 0 0
59 71 71 20 71 71 5 41 41 41 41 5 33 18 29 57
42 30 35 68 54 54 63 58 67 68 43 36 43 68 68 67
66 66 27 58 27 58 66 58 35 35 35 52 36 27 27 36
36 44 46 49 17 39 39 39 29 29 29 66 67 67 64 64
64 64 70 37 70 37 38 38 38 38 37 26 55 55 21 21
70 18 18 49 18 10 49 49 20 42 42 42 26 26 26 32
57 34 28 28 28 10 10 70 32 32 32 33 33 33 60 63
63 46 16 46 57 16 16 40 40 40 10 52 11 11 30 13
13 55 6 6 6 6 21 21 5 5 30 30 54 54 53 55
57 25 25 69 69 47 4 4 4 4 22 22 7 22 7 7
8 8 23 23 23 23 43 22 43 31 15 31 31 12 12 69
69 65 65 65 16 65 15 9 9 12 12 9 15 9 60 60
60 11 11 56 56 53 53 56 56 59 59 59 25 25 47 47
47 24 24 24 24 8 39 62 8 53 48 48 48 48 19 19
19 19 40 44 7 44 46 14 44 14 61 62 62 62 20 20
31 50 37 63 52 14 52 15 61 61 61 50 50 50 34 34
