0 0 0 0 0 0 0 0 0 0 0 0 0 0 0 0
0 0 0 0 0 0 0 0 0 0 0 0 0 0 0 0
0 0 0 0 0 0 0 0 0 0 0 0 0 0 0 0
0 0 0 0 0 0 0 0 0 0 0 0 0 0 0 0
0 0 0 0 0 0 0 0 0 0 0 0 0 0 0 0
0 0 0 0 0 0 0 0 0 0 0 0 0 0 0 0
0 0 0 0 0 0 0 0 0 0 0 0 0 0 0 0
0 0 0 0 0 0 0 0 0 0 0 0 0 0 0 0
0 0 0 0 0 0 0 0 0 0 0 0 0 0 0 0
0 0 0 0 0 0 0 0 0 0 0 0 0 0 0 0
0 0 0 0 0 0 0 0 0 0 0 0 0 0 0 0
0 0 0 0 0 0 0 0 0 0 0 0 0 0 0 0
0 0 0 0 0 0 0 0 0 0 0 0 0 0 0 0
0 0 0 0 0 0 0 0 0 0 0 0 0 0 0 0
0 0 0 0 0 0 0 0 0 0 0 0 0 0 0 0
0 0 0 0 0 0 0 0 0 0 0 0 0 0 0 0
43 43 43 43 68 59 57 68 24 24 24 24 47 4 4 4
4 33 33 33 46 20 22 21 20 19 35 20 20 6 6 26
10 12 30 13 17 13 6 41 30 9 9 30 19 15 28 28
16 28 16 16 28 21 12 9 9 11 11 10 11 51 40 12
51 40 10 51 51 14 10 40 12 61 18 33 34 34 34 34
30 18 31 29 27 27 27 40 27 32 39 39 39 42 45 45
45 45 19 19 31 31 32 36 36 39 36 36 47 47 47 44
44 31 35 44 44 32 59 55 55 55 55 62 62 56 62 50
50 50 50 22 22 60 11 8 8 8 8 23 5 5 23 23
23 5 37 37 5 37 37 60 60 60 18 18 6 65 22 62
67 7 67 67 7 67 7 14 48 48 48 14 14 35 35 48
56 57 54 54 54 53 53 53 53 41 32 69 69 69 69 41
41 57 71 7 64 64 64 64 56 56 57 25 70 70 70 42
38 42 65 26 26 26 49 49 49 49 42 68 13 61 68 61
61 58 70 58 58 58 52 52 52 52 46 46 38 38 46 25
25 25 38 63 63 63 54 71 21 21 71 71 59 59 63 16
