0 0 0 0 0 0 0 0 0 0 0 0 0 0 0 0
0 0 0 0 0 0 0 0 0 0 0 0 0 0 0 0
0 0 0 0 0 0 0 0 0 0 0 0 0 0 0 0
0 0 0 0 0 0 0 0 0 0 0 0 0 0 0 0
0 0 0 0 0 0 0 0 0 0 0 0 0 0 0 0
0 0 0 0 0 0 0 0 0 0 0 0 0 0 0 0
0 0 0 0 0 0 0 0 0 0 0 0 0 0 0 0
0 0 0 0 0 0 0 0 0 0 0 0 0 0 0 0
0 0 0 0 0 0 0 0 0 0 0 0 0 0 0 0
0 0 0 0 0 0 0 0 0 0 0 0 0 0 0 0
0 0 0 0 0 0 0 0 0 0 0 0 0 0 0 0
0 0 0 0 0 0 0 0 0 0 0 0 0 0 0 0
0 0 0 0 0 0 0 0 0 0 0 0 0 0 0 0
0 0 0 0 0 0 0 0 0 0 0 0 0 0 0 0
0 0 0 0 0 0 0 0 0 0 0 0 0 0 0 0
0 0 0 0 0 0 0 0 0 0 0 0 0 0 0 0
26 5 23 25 25 23 24 23 23 4 4 25 4 4 25 26
13 5 24 13 24 21 56 5 24 28 5 13 21 11 17 56
13 56 56 11 11 31 59 26 63 11 37 26 31 17 17 17
6 6 6 6 28 28 21 21 8 37 63 63 63 57 48 31
37 37 49 8 57 57 40 48 48 48 57 8 49 9 49 60
9 60 70 42 59 42 31 7 60 49 8 58 58 28 58 35
35 35 58 50 15 50 15 9 9 16 22 15 22 22 22 7
7 7 18 14 50 18 14 42 14 50 42 14 18 18 51 51
51 51 12 12 35 12 59 10 15 10 10 10 52 43 29 12
61 16 59 52 29 52 20 52 20 20 20 40 40 40 16 27
16 41 27 41 41 41 61 62 62 38 62 62 61 61 38 38
38 60 19 19 19 19 27 27 36 36 55 55 36 55 36 39
47 47 47 47 44 39 39 39 44 44 44 46 55 54 43 29
54 29 43 43 30 30 46 70 30 30 54 45 46 46 45 53
53 53 53 45 45 54 32 32 64 32 32 33 33 33 33 71
69 34 71 71 34 64 71 64 64 69 69 69 68 68 68 68
