7 6 1 3 1 3 7 7 0 1 1 1 1 0 1 0
1 7 7 0 0 0 2 0 1 0 1 0 0 0 0 0
0 6 0 0 2 2 2 2 2 0 2 6 0 6 6 6
2 2 6 6 4 2 3 7 6 2 7 7 6 3 1 7
7 0 3 6 3 1 2 2 2 2 2 3 2 2 6 6
0 2 3 6 6 3 3 6 6 0 3 3 1 6 3 7
7 4 5 1 3 7 1 2 4 2 0 4 3 0 0 3
7 7 4 2 3 1 5 5 5 5 7 4 1 4 7 5
1 3 2 4 3 4 4 4 4 4 7 5 4 4 3 2
3 2 2 4 3 7 1 5 7 1 7 4 4 7 5 3
1 5 5 4 4 3 5 4 2 7 6 5 3 4 5 5
5 7 7 4 3 7 1 7 7 3 5 4 5 4 5 3
5 7 2 3 7 6 2 5 5 0 3 5 6 6 5 3
2 2 1 2 6 0 1 5 4 1 4 4 6 1 4 1
0 4 2 4 3 3 5 4 3 2 5 3 1 2 2 5
4 0 0 0 3 0 0 5 5 5 4 1 1 4 1 1
14 13 59 7 59 7 23 35 26 37 37 37 37 26 37 26
37 23 45 26 26 36 38 58 27 58 27 26 58 58 36 58
58 13 46 36 18 38 38 38 38 46 38 13 46 44 44 13
18 6 44 13 8 18 61 45 13 6 45 45 22 61 27 45
45 36 51 44 51 47 18 18 6 6 28 61 6 6 22 22
36 18 61 22 44 61 51 44 22 36 19 61 47 22 51 35
35 20 12 27 51 35 47 28 62 28 46 20 19 46 46 51
55 35 8 28 39 47 12 53 12 21 35 8 47 62 23 53
47 19 50 20 19 62 20 8 62 20 23 63 20 62 19 50
19 28 28 42 39 55 27 21 23 5 55 62 42 23 21 7
27 53 21 8 42 39 21 8 60 14 34 53 7 42 63 21
53 55 14 42 39 14 16 55 55 7 53 52 63 42 12 39
43 14 60 7 14 34 60 63 63 4 29 63 34 34 12 39
60 60 16 60 34 4 16 12 30 16 30 30 34 5 30 16
4 30 50 30 29 29 31 52 29 50 31 29 16 50 50 31
52 15 15 15 29 15 15 31 31 31 52 5 5 52 5 5
