5 1 6 4 3 5 1 4 4 7 7 4 4 1 1 1
4 5 5 4 7 1 5 1 1 1 1 6 5 5 1 3
6 1 1 6 7 6 6 6 5 7 7 5 5 3 3 3
2 1 6 6 6 6 6 3 5 7 1 7 1 4 1 1
4 1 1 1 1 1 0 1 3 1 3 3 4 3 3 4
4 3 0 4 0 4 5 5 5 5 5 5 7 5 7 7
2 7 6 3 6 2 3 3 4 2 2 2 6 6 0 2
2 0 0 0 2 0 5 2 5 5 5 1 5 6 5 4
0 0 4 2 3 3 3 6 6 4 3 0 2 1 0 2
0 0 2 0 6 4 1 1 1 4 1 2 7 4 2 7
3 6 3 2 2 2 2 5 5 2 2 6 4 3 6 2
6 3 2 2 3 3 2 2 3 0 2 5 2 2 2 2
2 2 5 5 0 5 5 0 0 5 0 0 0 0 0 7
1 2 3 3 2 6 3 4 4 3 3 6 3 5 6 6
6 1 6 7 1 1 1 7 7 3 3 3 3 7 7 7
0 7 7 5 7 7 7 7 4 4 5 4 4 0 0 4
12 47 22 30 61 21 16 30 30 23 23 30 30 16 47 5
30 21 21 52 23 16 21 16 47 47 16 13 21 21 16 61
13 47 47 13 23 13 13 13 12 23 23 12 53 61 61 61
60 59 44 34 22 22 34 61 12 35 37 35 37 42 37 37
52 37 5 37 5 5 4 5 7 5 7 7 42 7 7 42
42 7 4 42 4 52 53 53 53 53 53 12 35 12 35 35
38 35 22 29 44 38 29 29 42 60 38 38 44 44 26 60
60 26 26 26 38 26 63 38 63 63 63 27 63 34 63 8
26 15 52 6 29 29 29 44 44 8 39 15 60 27 15 60
15 15 18 15 22 8 27 27 27 8 27 28 14 8 28 14
19 22 19 28 28 28 28 31 31 18 18 34 8 39 34 6
34 39 6 6 39 39 6 6 39 4 50 43 50 18 50 50
50 50 43 43 58 43 43 58 4 43 58 4 58 58 58 14
59 18 51 19 18 54 19 52 52 51 19 54 19 31 54 54
54 59 54 45 59 59 59 14 14 51 51 51 51 45 45 14
46 45 45 31 45 55 55 55 62 62 31 62 62 46 46 62
