0 0 0 0 0 0 1 1 1 1 1 1 4 2 2 2
7 7 7 7 3 1 1 3 0 6 4 3 6 6 6 6
6 2 2 2 4 4 4 2 2 5 3 4 4 4 2 2
2 5 2 3 2 2 3 4 7 7 5 3 3 3 2 2
2 4 2 4 3 3 3 3 3 7 7 7 7 2 2 2
2 2 7 7 7 2 4 4 4 4 4 4 4 6 6 4
4 4 7 7 7 7 7 0 0 0 0 0 4 0 4 4
4 4 4 4 5 5 5 5 5 6 1 2 2 2 5 5
5 5 5 5 7 1 3 7 5 3 3 3 7 0 7 0
5 5 5 5 0 0 0 0 4 6 6 1 1 1 1 6
6 6 6 0 0 0 0 0 0 1 1 4 4 1 2 1
1 1 1 1 0 0 0 0 0 0 1 0 1 0 0 1
0 1 1 1 3 3 3 1 1 3 3 7 2 4 4 4
4 2 2 0 6 6 6 6 6 6 5 5 3 3 3 3
2 5 5 5 4 3 3 3 5 3 3 6 5 6 6 6
1 5 1 1 1 1 1 7 5 5 7 6 6 6 6 6
4 4 4 4 4 4 5 5 5 5 5 5 62 6 18 60
14 14 14 14 7 16 16 61 15 54 8 61 54 54 54 54
54 60 60 60 52 52 52 18 60 21 19 52 52 52 50 50
50 53 50 29 50 50 19 20 35 23 12 51 51 51 6 38
6 42 18 42 29 29 29 29 29 55 55 55 55 38 38 38
38 38 35 35 35 60 30 42 8 8 8 8 42 34 34 30
30 8 23 23 23 23 23 46 46 46 46 46 42 46 42 20
20 20 20 20 53 53 53 53 53 34 27 18 18 18 43 43
43 43 43 43 35 27 19 35 21 19 19 19 55 36 55 15
21 21 21 21 15 15 15 15 30 22 22 16 16 16 16 22
22 22 22 26 26 26 26 26 26 27 27 30 30 47 6 47
47 47 47 47 36 36 36 36 36 58 59 58 59 58 58 59
58 59 59 59 51 51 51 27 27 39 39 14 28 62 62 62
62 28 28 58 44 44 44 44 44 44 12 12 39 39 39 39
6 12 12 12 62 7 7 7 63 7 7 13 63 34 34 34
37 63 37 37 37 37 37 45 31 31 45 13 13 13 13 13
