0 0 0 0 0 0 2 2 2 4 2 4 4 2 2 4
4 4 1 1 3 3 3 3 1 1 1 1 0 0 0 0
1 1 1 1 1 2 2 2 1 4 4 4 4 4 4 7
0 4 1 1 4 3 3 3 4 4 4 4 4 0 0 0
0 0 0 7 7 3 7 7 3 1 1 1 4 0 0 0
0 0 3 3 3 1 1 1 1 1 1 5 7 7 3 2
2 2 2 5 5 5 5 5 2 0 0 0 0 0 0 0
0 1 1 1 1 1 1 3 4 4 4 4 4 2 2 3
2 2 2 3 2 2 2 2 2 2 3 3 2 2 7 7
7 7 7 7 5 5 5 5 5 5 5 5 5 5 5 5
4 2 2 2 2 4 4 4 0 0 0 0 0 0 6 3
3 3 3 3 6 3 6 6 7 7 7 6 7 6 4 6
6 6 6 6 6 6 5 5 5 4 4 4 5 5 5 4
4 4 3 3 3 3 3 3 3 6 6 6 1 1 1 6
6 6 7 7 3 2 6 6 6 6 6 6 3 5 5 1
1 1 1 7 7 7 7 7 3 3 5 7 5 3 6 6
4 4 4 4 4 4 6 6 6 8 6 8 8 6 6 8
8 8 5 5 7 7 7 7 16 27 37 27 15 15 15 15
47 27 27 27 27 28 28 60 16 42 42 42 42 42 42 23
46 52 47 47 30 61 61 61 62 62 62 62 62 26 26 26
26 26 26 14 14 29 14 14 39 5 5 5 62 46 46 46
46 46 61 61 61 59 59 59 59 59 59 12 14 14 7 50
50 50 50 12 12 12 12 12 38 36 36 36 36 36 36 15
15 37 5 37 37 37 37 29 52 52 52 52 52 50 50 29
18 18 18 29 38 38 38 18 18 18 29 29 38 38 45 45
45 45 45 45 53 63 63 63 63 63 63 53 53 53 53 53
30 60 60 60 60 30 30 30 58 58 58 58 58 58 44 19
19 19 19 19 44 19 44 54 55 55 55 44 55 22 30 22
22 22 22 44 44 22 43 43 43 20 20 20 43 43 43 20
20 20 51 51 51 51 51 51 7 34 34 34 47 47 47 34
34 34 55 55 39 60 54 54 54 54 13 54 39 31 31 16
16 16 16 35 35 35 35 35 39 39 21 35 21 39 13 13
