7 2 6 1 4 1 0 1 1 7 7 7 7 7 0 0
0 0 0 0 0 0 0 1 6 1 6 1 1 6 6 6
1 1 5 1 1 5 0 5 5 2 3 5 5 5 2 2
5 5 6 6 6 1 0 4 2 5 2 5 2 2 5 3
4 2 1 2 1 0 4 2 5 2 5 5 5 5 5 2
0 0 0 0 2 4 0 2 4 4 4 0 2 2 2 0
0 0 0 0 7 3 3 6 6 6 6 2 2 5 5 5
6 4 6 5 5 5 4 4 3 3 2 4 4 3 3 2
4 2 4 4 4 4 4 7 1 1 1 1 1 2 2 3
2 7 3 3 4 3 7 3 2 3 7 1 7 1 3 7
7 7 3 3 7 7 7 4 3 1 1 1 3 1 4 3
4 4 3 3 3 1 4 4 4 4 4 1 1 2 2 2
0 0 0 6 6 0 0 0 4 4 4 4 6 4 6 6
6 6 6 4 6 1 6 5 6 7 3 3 2 6 2 2
2 2 2 3 3 3 3 3 6 4 6 5 5 6 7 5
7 7 5 7 1 5 5 5 5 7 5 3 3 3 3 5
23 28 13 5 8 5 26 5 5 23 23 23 23 23 4 4
4 4 4 4 26 26 26 5 13 5 13 37 37 13 13 13
37 37 63 37 37 63 26 63 63 28 61 63 63 21 6 60
21 21 34 34 34 16 26 52 6 21 6 21 6 6 21 61
8 60 16 6 59 15 42 50 31 50 31 31 31 31 31 50
15 15 15 15 28 8 15 28 8 8 8 58 50 50 50 58
58 58 58 58 35 7 7 22 22 22 22 28 28 12 12 12
22 52 22 12 12 12 52 52 7 7 18 52 52 7 7 18
20 18 20 20 20 20 20 35 16 16 16 16 59 18 18 51
18 35 51 51 42 51 35 51 60 51 35 27 35 59 61 14
14 14 19 29 14 14 14 30 19 27 27 27 61 59 42 19
42 30 19 19 19 27 30 30 30 42 42 59 59 60 60 60
36 36 36 44 34 36 36 36 62 62 62 62 44 62 44 44
44 34 44 62 54 27 34 43 54 55 29 29 38 54 38 38
38 38 38 29 29 29 61 61 54 30 54 43 43 54 55 53
55 55 53 55 47 53 53 53 53 55 43 39 39 39 39 43
