1 1 0 5 1 1 1 7 1 1 2 3 7 7 0 4
7 4 0 1 4 7 2 4 4 1 3 3 4 5 2 6
1 3 6 3 2 1 2 7 7 0 1 0 4 7 6 3
6 6 2 6 6 6 1 4 3 5 7 5 5 3 3 2
0 3 3 4 6 3 5 5 1 6 1 1 7 3 5 5
7 5 0 0 4 6 0 3 5 5 7 1 0 0 3 5
0 0 1 3 3 0 4 0 2 3 0 2 3 0 1 3
1 3 6 4 5 1 6 5 7 2 6 4 0 3 6 1
1 5 6 4 4 4 1 3 6 3 0 4 0 6 3 1
2 5 1 3 1 4 1 0 2 7 6 1 2 3 2 2
7 7 2 1 4 7 7 5 2 7 2 2 0 2 5 7
0 0 7 4 5 5 5 7 5 7 1 0 6 7 5 0
1 6 0 0 5 3 2 7 5 6 4 5 4 3 0 1
3 5 5 6 6 7 4 0 5 4 3 5 3 5 4 0
4 5 0 4 0 0 3 3 7 1 2 1 4 6 5 2
4 2 0 6 4 4 5 0 2 5 4 6 4 1 7 6
37 27 58 31 59 27 27 35 59 16 28 39 14 45 58 30
45 30 58 27 30 45 18 20 52 37 29 39 30 43 18 54
37 7 44 19 6 5 50 35 45 15 37 58 30 45 34 51
34 34 6 34 34 34 59 62 39 21 55 12 12 19 39 6
36 29 51 20 54 39 63 21 59 54 59 47 55 29 12 31
35 21 46 46 20 44 58 19 12 12 14 5 46 46 39 43
4 36 5 19 51 4 30 58 38 29 36 18 51 36 5 19
16 19 13 52 21 47 13 21 45 50 13 62 15 51 13 16
16 43 13 8 62 8 5 29 22 7 4 62 26 13 29 5
6 21 16 61 16 20 27 36 28 23 44 47 28 51 60 28
55 55 28 27 52 55 14 43 38 14 28 50 15 38 43 35
15 36 55 62 31 53 12 35 63 23 47 4 54 23 63 4
59 22 26 26 63 61 38 35 43 54 42 31 42 7 26 37
61 63 63 22 54 14 8 26 53 20 61 53 7 31 8 26
20 53 46 62 15 15 7 7 23 47 6 47 8 22 31 38
8 50 4 22 42 42 53 46 6 53 52 44 52 37 14 22
