0 4 3 2 2 2 2 2 2 3 3 3 1 3 1 0
0 0 1 1 0 4 7 1 0 1 3 4 4 6 6 7
7 0 1 6 5 5 1 6 1 0 5 5 0 6 6 2
5 4 2 3 3 6 2 7 2 2 5 0 7 5 5 7
7 3 0 3 5 2 2 2 6 5 0 2 1 3 4 3
0 5 4 5 6 5 6 7 7 7 5 3 5 3 3 6
6 0 5 2 4 4 4 6 4 5 4 0 4 2 2 2
0 0 2 2 0 0 0 0 0 1 3 0 1 6 2 4
2 4 5 2 4 4 6 3 5 3 3 3 3 3 6 7
7 5 7 3 3 3 3 5 4 3 3 2 2 6 2 2
0 3 5 0 3 3 7 7 1 6 6 0 5 5 1 4
0 5 1 4 5 6 5 3 1 5 1 2 6 5 0 5
5 0 5 5 1 1 3 0 2 3 2 0 2 1 2 2
5 6 2 2 0 0 7 1 1 6 6 4 0 7 7 5
4 4 4 4 1 4 7 6 6 0 1 1 4 7 6 7
5 7 3 1 4 4 4 4 3 7 6 7 7 1 6 0
4 8 7 6 6 6 6 6 6 7 7 7 5 7 5 4
4 4 5 5 4 8 14 5 15 5 7 8 8 13 13 14
14 15 16 13 12 12 16 13 16 15 12 12 26 13 22 18
21 20 18 19 19 22 18 23 18 18 43 26 35 21 21 14
14 39 26 29 53 60 60 60 22 31 26 50 47 29 30 29
46 63 8 63 13 63 54 14 23 23 21 19 21 61 61 22
22 58 21 38 62 62 62 34 62 63 62 58 30 38 28 38
26 26 38 28 15 46 15 36 36 37 39 36 37 34 38 30
38 30 43 18 30 30 22 29 31 29 29 19 61 61 44 23
23 53 55 51 51 51 51 31 62 51 19 28 28 44 60 28
36 19 31 15 61 61 55 23 37 54 54 4 12 12 16 20
58 31 47 42 31 44 63 51 27 63 59 28 54 43 46 53
43 46 43 53 27 27 39 36 50 39 50 36 50 37 50 50
53 34 60 60 58 58 55 47 37 54 54 52 58 55 55 53
20 20 20 20 47 8 45 44 44 46 37 47 42 45 44 55
43 45 39 59 42 42 42 42 39 45 34 35 35 27 34 46
