5 0 3 0 4 6 7 7 6 0 1 5 4 4 2 3
0 2 3 7 1 4 6 3 4 6 0 1 3 5 1 4
1 1 5 5 0 7 0 2 3 3 0 5 7 6 1 7
5 6 6 3 7 3 6 0 0 5 5 5 2 7 5 6
2 2 1 3 3 6 5 5 5 2 0 5 3 3 2 2
3 1 1 7 2 2 6 6 7 2 5 6 1 1 0 4
5 0 4 3 0 0 1 7 6 5 2 6 1 5 4 1
3 2 1 2 5 1 4 5 4 4 4 7 3 4 1 1
2 2 1 2 2 2 3 7 6 2 0 7 4 2 5 7
7 5 7 7 7 0 1 2 2 3 5 0 0 6 2 3
6 5 6 3 4 3 1 6 6 6 6 0 6 5 5 1
1 3 5 4 5 0 0 0 5 3 3 0 6 3 5 7
3 3 0 0 3 1 6 7 3 5 5 1 4 2 1 0
0 5 3 0 2 0 2 0 1 2 0 3 2 2 4 3
4 7 4 1 1 4 2 4 2 4 5 1 4 5 2 1
4 4 4 1 4 1 4 2 4 7 6 7 7 7 7 2
53 4 7 58 8 13 14 23 22 15 16 21 30 20 18 29
26 60 39 35 5 62 44 61 42 34 36 37 51 31 59 52
47 27 31 43 46 45 46 6 7 61 58 31 45 13 16 35
31 34 44 7 35 29 44 15 15 21 53 53 60 35 21 34
60 60 5 29 61 34 53 53 21 38 15 31 39 39 38 60
39 16 16 23 38 38 54 54 35 28 31 54 5 5 36 20
43 36 20 39 15 15 5 23 22 43 28 22 16 43 30 16
19 18 37 18 43 37 30 43 30 30 20 14 19 30 37 37
28 28 37 18 28 28 7 14 44 38 4 23 20 38 12 23
23 21 14 14 14 58 27 18 18 7 12 58 36 22 60 19
13 21 13 19 20 7 5 44 13 54 44 4 13 12 12 27
59 39 12 42 12 4 36 4 63 19 29 4 22 19 63 45
29 29 26 26 51 27 22 35 51 53 63 27 42 6 27 36
26 63 51 26 50 58 50 26 47 6 58 51 6 6 52 51
42 45 62 47 47 62 6 52 50 52 63 47 52 63 50 59
62 52 42 59 42 47 62 50 62 55 34 55 55 55 55 50
