5 0 3 0 4 6 7 7 6 0 1 5 4 4 2 3
0 2 3 7 1 4 6 3 4 6 0 1 3 5 1 4
1 1 5 5 0 7 0 2 3 3 0 5 7 6 1 7
5 6 6 3 7 3 6 0 0 5 5 5 2 7 5 6
2 2 1 3 3 6 5 5 5 2 0 5 3 3 2 2
3 1 1 7 2 2 6 6 7 2 5 6 1 1 0 4
5 0 4 3 0 0 0 7 5 4 5 1 1 3 1 2
1 0 3 2 4 3 2 2 2 5 4 2 1 4 1 4
1 1 5 2 4 4 4 4 2 2 4 1 2 2 2 2
5 2 0 4 6 0 1 3 7 5 3 7 5 5 2 3
7 3 7 0 0 5 4 4 2 6 1 4 0 5 1 5
0 6 7 4 2 0 5 1 5 7 7 2 0 6 7 0
0 6 6 3 0 1 1 3 3 4 6 4 4 4 1 1
4 6 3 1 4 7 6 0 1 2 4 1 3 5 0 6
4 2 7 1 1 0 1 1 1 0 1 4 1 5 2 2
4 1 3 0 6 1 5 4 0 1 1 6 1 1 6 3
53 4 7 58 8 13 14 23 22 15 16 21 30 20 18 29
26 60 39 35 5 62 44 61 42 34 36 37 51 31 59 52
47 27 31 43 46 45 46 6 7 61 58 31 45 13 16 35
31 34 44 7 35 29 44 15 15 21 53 53 60 35 21 34
60 60 5 29 61 34 53 53 21 38 15 31 39 39 38 60
39 16 16 23 38 38 54 54 35 28 31 54 5 5 36 20
43 36 20 39 15 15 15 23 43 30 43 16 16 19 16 18
16 15 19 28 20 19 50 18 28 43 30 28 37 30 37 30
16 37 43 18 30 30 30 30 28 38 30 37 28 28 38 28
31 28 58 30 13 4 27 19 23 21 19 23 31 43 60 19
23 19 23 15 15 31 20 30 38 44 37 20 15 21 16 21
15 22 23 42 28 15 21 16 63 23 23 28 15 13 23 15
15 22 44 7 15 27 16 19 51 30 22 30 30 30 37 37
30 44 51 37 30 35 44 36 37 28 30 37 7 31 15 44
42 28 23 16 47 15 37 16 37 15 16 30 37 63 50 38
30 37 7 15 44 37 53 52 36 16 37 44 16 37 44 39
