1 0 0 0 0 0 1 1 0 0 0 0 0 1 1 0
0 1 0 1 1 0 1 0 1 0 1 1 1 0 1 0
1 1 1 0 0 0 0 0 1 1 0 0 0 0 1 0
1 0 1 1 0 0 0 1 1 0 1 0 1 0 0 0
1 0 1 0 1 1 0 0 1 1 0 1 0 0 0 0
0 0 0 1 1 1 1 0 1 1 0 1 1 1 1 0
0 1 1 0 0 1 1 1 1 0 1 0 1 0 0 0
0 1 0 0 1 1 0 0 1 0 1 1 0 1 1 0
0 0 1 0 1 1 0 0 1 1 0 1 1 0 0 1
0 0 0 1 1 0 1 1 0 0 1 1 1 0 0 1
1 0 0 0 0 0 0 1 1 0 1 1 1 1 1 1
1 1 1 1 1 1 0 1 1 1 0 0 1 1 0 1
0 0 0 1 1 0 1 0 0 0 0 1 1 0 0 1
0 0 0 0 1 0 0 0 0 1 0 1 0 1 0 1
1 1 0 1 0 0 1 1 1 0 1 0 0 1 0 1
1 0 1 0 1 1 0 0 0 0 1 1 1 1 1 1
36 76 76 72 67 76 108 52 98 107 65 17 100 129 48 33
96 106 89 20 9 72 90 72 48 128 66 43 50 19 68 58
41 27 108 33 89 91 60 44 25 108 98 51 98 98 106 100
20 8 11 59 74 17 100 66 27 40 120 65 16 51 35 139
120 100 18 35 83 41 24 139 41 27 28 27 139 139 139 139
58 139 139 88 92 36 75 72 75 20 44 41 18 97 20 8
72 41 18 44 8 99 18 88 16 146 48 60 83 33 8 60
49 92 60 28 41 97 60 17 50 96 50 97 26 88 34 40
84 26 97 146 25 50 49 28 48 64 26 97 34 146 49 48
26 114 40 83 48 19 48 48 35 35 52 97 59 26 100 48
97 112 67 146 49 49 10 52 27 49 52 50 97 66 66 48
99 66 66 68 48 4 49 52 106 4 49 107 66 66 33 48
26 107 116 113 66 116 92 60 60 107 60 92 64 112 26 64
26 26 26 26 50 98 40 33 19 66 33 97 26 48 26 88
68 113 33 64 144 26 145 88 145 26 147 10 26 106 84 64
4 24 88 26 97 68 132 33 146 10 66 73 66 68 147 66
