1 0 0 0 0 0 1 1 0 0 0 0 0 1 1 0
0 1 0 1 1 0 1 0 1 0 1 1 1 1 1 0
0 1 1 1 0 1 0 0 1 1 0 1 0 0 1 0
0 0 0 1 1 0 1 0 0 1 0 1 0 0 0 1
1 0 1 1 1 1 1 0 0 0 0 0 0 0 0 0
1 0 1 0 1 1 1 0 1 1 0 0 1 0 0 0
1 0 0 0 1 1 0 0 1 1 1 1 1 1 0 1
1 1 1 0 1 1 0 1 1 1 0 0 0 1 1 0
1 0 1 0 1 1 0 0 1 1 0 0 1 1 0 0
0 1 0 1 0 1 0 1 0 1 1 0 0 0 0 0
1 0 1 0 1 0 0 0 1 0 1 0 0 0 0 1
1 0 1 1 1 1 1 1 0 1 1 1 1 0 1 0
1 0 0 0 0 0 0 1 1 1 1 0 0 1 0 1
1 1 0 0 1 1 1 0 1 0 1 0 1 1 1 1
1 1 0 1 1 1 1 1 0 1 1 1 0 0 1 0
0 1 0 0 1 0 0 0 1 0 0 0 0 0 0 0
36 76 76 72 67 76 108 52 98 107 65 17 100 129 48 33
96 106 89 20 9 72 90 72 48 128 66 43 50 68 75 58
19 41 27 25 51 108 89 60 25 73 58 73 40 67 113 44
44 67 24 75 136 65 32 139 114 41 100 106 100 51 35 59
120 146 34 147 147 64 52 146 146 24 26 116 107 49 35 74
68 35 66 98 147 97 27 49 66 83 98 58 83 112 112 107
9 17 17 60 68 9 60 40 75 59 48 59 83 18 24 41
50 18 36 96 50 97 116 34 88 18 139 139 33 88 34 19
99 10 97 8 99 113 28 28 113 57 130 19 88 106 51 84
26 57 112 92 33 57 44 99 49 27 4 10 26 74 144 74
52 91 4 40 4 12 10 12 64 91 25 84 8 84 116 122
122 8 64 11 11 138 20 122 144 138 138 92 92 123 120 123
20 56 65 12 3 144 3 140 36 16 140 130 123 140 96 145
16 16 130 91 32 11 136 89 115 3 115 28 136 145 145 90
32 90 56 115 104 104 104 73 132 131 129 129 132 105 120 114
105 131 132 121 131 42 105 42 43 121 42 56 114 121 128 128
