1 1 1 1 0 0 1 0 1 1 0 1 0 1 1 0
1 1 0 0 1 0 1 1 0 1 1 1 1 0 1 1
1 1 0 0 0 1 0 1 0 1 0 0 0 1 1 0
1 1 0 0 1 1 0 1 1 1 1 1 0 0 0 0
1 1 0 1 0 0 0 0 1 1 1 0 1 0 1 1
0 0 1 1 1 1 0 1 0 1 0 0 0 0 0 0
1 0 0 1 1 1 1 1 0 1 1 1 1 1 1 1
0 0 1 0 0 1 1 1 1 0 1 0 0 0 0 0
0 0 1 0 1 1 0 0 0 0 1 1 0 0 0 0
0 0 0 0 0 1 1 0 1 0 1 0 0 1 0 1
0 0 1 0 0 0 0 1 0 1 0 1 0 1 1 0
1 0 0 1 1 0 0 0 0 1 1 1 1 1 1 0
0 0 1 0 0 0 1 0 1 0 0 0 0 0 0 0
0 1 1 1 1 1 0 0 1 0 1 0 0 0 0 1
1 1 1 1 1 1 1 0 0 0 1 0 0 1 0 0
1 1 1 0 0 0 1 0 0 1 1 1 1 1 1 1
22 35 35 20 3 44 28 11 59 57 38 24 36 24 47 25
12 6 7 56 20 29 14 57 60 10 51 6 45 62 63 55
55 35 17 31 27 55 44 6 23 55 17 31 5 8 63 54
55 61 3 3 35 47 52 10 39 24 10 10 62 27 62 11
39 28 42 28 38 38 13 19 24 28 28 42 41 29 43 12
15 15 49 49 43 41 13 8 21 49 15 7 7 21 7 46
63 7 44 39 24 47 51 51 21 30 47 20 51 20 20 37
48 48 12 52 48 57 37 51 57 60 37 58 29 29 23 48
23 29 57 40 53 30 60 40 58 23 30 4 50 50 42 50
40 42 50 50 42 4 4 36 4 21 4 58 56 43 60 12
36 15 37 15 23 11 5 8 38 37 21 22 11 22 22 27
59 36 11 14 14 3 36 13 60 14 12 14 22 16 63 52
25 48 43 17 40 27 16 31 43 52 19 31 38 19 17 19
19 16 16 16 30 35 31 17 18 40 30 5 13 25 52 18
41 41 18 41 18 39 39 58 25 25 18 5 3 63 44 13
49 45 53 58 44 9 53 5 9 6 6 10 53 8 53 47
