1 1 1 1 0 0 1 0 1 1 0 1 0 1 1 0
1 1 0 0 1 0 1 1 0 1 1 1 1 0 1 1
1 1 0 0 0 1 0 1 0 1 0 0 0 1 1 0
1 1 0 0 1 1 0 1 1 1 1 1 0 0 0 0
1 1 0 1 0 0 0 0 1 1 1 1 0 0 1 1
0 1 1 1 1 1 1 0 0 0 0 0 0 0 0 0
1 0 0 0 0 1 1 1 0 1 0 1 1 0 0 0
0 1 1 1 1 1 0 1 1 1 1 1 0 1 1 1
1 1 1 0 1 1 1 1 1 1 0 0 0 1 0 0
0 0 0 1 0 1 0 0 1 0 1 1 1 0 0 1
1 1 1 0 0 0 0 1 0 0 1 1 1 0 0 0
0 0 0 0 1 0 0 0 0 1 1 1 0 0 1 1
0 1 1 1 0 0 1 1 0 0 0 0 0 0 0 0
0 1 1 0 1 1 0 1 0 1 1 0 0 1 1 0
1 1 0 1 0 1 1 1 0 1 1 0 0 0 0 0
0 1 0 0 0 0 1 0 0 1 0 0 1 0 0 0
22 35 35 20 3 44 28 11 59 57 38 24 36 24 47 25
12 6 7 56 20 29 14 57 60 10 51 6 45 62 63 55
55 35 17 31 27 55 44 6 23 55 17 31 5 8 63 54
55 61 3 3 35 47 52 10 39 24 10 10 62 27 62 11
39 28 42 28 38 38 13 19 24 28 28 28 42 29 43 43
44 16 49 49 43 57 8 7 7 7 7 7 7 21 58 21
16 7 7 21 15 4 30 49 44 30 50 63 49 50 5 21
23 49 30 51 24 51 15 51 51 55 20 39 19 51 20 55
39 39 57 7 53 30 57 53 53 51 21 11 52 53 42 7
7 42 7 41 42 4 42 50 4 15 37 35 35 15 60 59
39 57 39 38 38 11 5 59 38 36 20 20 20 36 38 38
15 36 38 42 41 15 36 48 15 37 28 28 36 40 14 16
15 20 43 28 40 15 24 35 50 40 50 50 40 23 40 23
23 20 51 15 30 35 40 28 11 28 20 29 7 28 20 21
37 37 17 20 21 20 37 37 21 20 16 23 15 21 21 38
21 16 21 15 21 17 16 17 21 16 17 21 16 15 23 21
