7 0 1 1 1 1 1 1 0 1 0 0 0 0 2 0
0 0 0 0 6 0 2 2 2 2 7 6 2 2 0 7
2 6 7 6 6 2 6 6 0 7 7 6 6 7 2 6
3 0 0 2 2 6 7 2 0 2 3 0 6 3 3 3
3 1 3 6 3 1 4 6 2 2 2 3 2 2 1 1
7 3 3 3 6 3 3 6 1 6 3 6 1 1 3 1
7 4 5 1 7 7 1 2 4 2 0 4 3 0 0 4
7 7 4 2 3 3 0 5 5 5 0 4 4 4 7 0
3 3 2 4 3 4 4 4 4 4 7 5 4 4 4 2
4 2 2 4 3 7 1 5 7 1 7 4 4 7 5 3
5 5 4 3 7 3 5 5 7 7 6 5 7 4 5 5
5 7 7 7 3 7 1 7 7 3 5 5 5 2 5 6
5 3 2 3 2 6 3 5 5 0 3 5 6 6 5 2
2 2 4 2 6 0 1 5 4 5 2 5 0 1 4 1
0 4 2 5 4 2 3 1 0 0 0 4 0 4 4 0
0 1 5 5 1 3 1 5 3 3 1 5 1 4 4 1
14 58 37 37 37 37 37 37 26 27 58 26 26 26 38 58
58 26 26 58 44 58 38 38 18 18 45 13 38 38 36 45
6 13 45 13 13 38 13 13 36 45 45 22 22 45 18 22
51 36 36 18 18 22 35 18 36 6 51 36 22 61 61 51
51 27 51 44 51 47 8 22 6 6 28 61 6 6 47 47
35 61 61 19 44 61 19 44 27 44 19 44 47 47 39 27
35 20 12 27 35 35 47 28 62 28 46 20 19 46 46 20
55 35 8 28 39 39 46 53 12 21 46 8 42 62 23 46
7 19 50 20 19 62 20 8 62 20 23 63 62 62 8 50
42 28 28 42 39 55 27 21 23 5 55 42 42 23 21 7
53 53 8 29 14 39 21 12 23 14 34 53 23 42 63 21
53 55 14 14 39 14 16 55 55 7 53 21 63 60 12 34
43 7 60 7 60 34 7 63 63 4 29 63 34 34 12 50
60 60 30 60 34 4 16 12 30 31 50 31 15 5 30 16
4 30 50 31 52 50 29 5 15 4 15 30 4 52 30 15
4 16 31 31 16 29 59 31 29 29 5 43 16 52 52 5
