5 1 7 4 4 1 4 5 7 3 4 4 4 4 4 4
4 5 1 4 4 6 1 6 6 1 6 1 1 6 1 1
1 7 7 6 6 6 6 1 1 1 1 1 7 5 7 3
1 3 1 5 3 3 3 5 1 5 1 4 6 6 4 1
6 3 6 1 5 6 1 7 6 3 1 2 6 7 7 2
5 6 5 7 1 7 2 2 5 2 4 4 4 4 0 7
5 0 3 2 5 3 5 3 6 2 3 3 7 5 0 0
0 0 0 5 5 0 5 5 2 0 0 2 0 2 5 0
0 0 0 0 0 7 7 7 7 7 7 7 7 3 2 2
2 2 6 5 5 5 5 6 3 6 2 2 2 2 2 0
4 1 1 1 1 1 1 6 6 0 1 2 3 3 5 3
5 2 4 5 1 2 5 5 5 2 2 2 3 2 3 4
4 4 6 4 3 6 2 5 2 2 6 3 3 3 6 6
6 6 7 3 3 3 2 7 7 2 2 1 2 2 2 2
7 7 7 7 1 1 7 1 3 5 3 0 5 4 5 4
4 4 3 4 4 4 4 4 4 0 0 0 5 0 0 5
12 47 23 30 52 5 52 21 23 61 52 52 52 30 30 30
30 21 16 30 52 22 5 13 13 47 34 37 47 44 37 5
16 23 23 13 13 13 13 47 16 16 37 16 23 12 23 61
16 61 5 21 61 61 61 21 37 21 5 42 44 44 42 5
22 7 44 47 21 22 47 35 44 29 37 60 44 35 14 60
12 22 53 35 37 35 38 38 53 38 42 42 42 42 26 35
63 15 29 38 53 29 53 29 34 18 29 29 35 12 26 15
15 15 15 53 53 26 12 12 38 15 26 60 26 38 63 4
4 4 4 4 4 45 45 55 45 55 45 45 45 39 6 60
60 60 34 63 63 63 63 34 7 34 6 6 6 6 6 26
8 27 27 27 27 27 27 22 22 58 59 28 7 7 31 7
31 28 8 31 59 28 31 31 31 28 28 28 19 18 7 8
8 8 34 8 39 54 18 43 50 50 54 39 39 39 54 54
54 54 55 39 19 19 18 55 55 50 18 59 18 50 50 50
14 14 14 14 59 59 14 59 19 43 19 58 43 20 43 62
20 20 19 62 20 62 62 20 20 36 36 58 43 58 58 43
