0 0 0 0 0 0 1 1 1 1 1 1 2 7 7 7
7 7 2 2 5 5 5 6 6 1 1 3 5 3 2 2
2 2 2 2 6 5 6 6 0 0 7 0 0 0 0 6
6 4 1 1 1 1 5 2 5 2 3 3 3 3 3 7
2 2 2 7 2 2 2 2 7 7 7 7 7 5 4 4
4 4 4 0 0 0 0 0 0 4 4 4 4 4 6 6
4 6 6 0 5 0 5 0 2 5 5 5 5 5 5 5
5 5 0 0 0 5 3 3 1 2 2 2 2 2 2 3
3 3 0 0 5 3 5 5 5 5 7 1 1 1 7 7
7 7 5 5 0 0 0 0 7 7 7 7 7 5 5 5
7 6 2 3 3 3 3 5 4 4 4 4 3 3 3 3
3 4 4 4 4 4 4 3 3 3 7 2 2 2 2 2
6 6 3 4 4 1 1 1 1 1 1 7 7 3 7 7
7 2 6 6 6 6 6 6 6 6 6 6 6 6 6 6
6 3 4 4 4 1 1 1 1 3 1 1 1 1 3 3
3 6 2 2 2 2 0 0 0 0 3 3 4 4 0 0
4 4 4 4 4 4 5 5 5 5 5 5 60 14 14 14
14 14 60 60 31 31 31 44 44 16 16 7 12 61 6 6
6 6 6 6 13 12 13 13 15 15 14 15 15 15 15 13
13 8 16 16 16 16 12 28 12 28 7 7 7 7 7 35
60 60 60 23 28 28 28 28 23 23 23 23 23 63 8 8
8 8 8 46 46 46 46 46 46 20 20 20 20 20 44 44
20 44 44 36 53 36 53 36 50 53 53 53 43 63 63 63
63 53 36 36 36 63 29 29 59 18 18 18 18 18 18 29
29 29 58 58 43 29 43 43 43 43 35 27 27 27 35 35
35 35 21 21 58 58 58 58 55 55 55 55 55 21 21 21
55 13 38 51 51 51 51 21 30 30 30 42 61 61 61 61
61 30 30 42 30 42 42 19 19 19 45 38 38 38 38 38
22 22 39 42 42 47 47 47 47 47 47 45 45 19 45 45
45 50 22 22 22 54 54 54 54 54 54 34 34 34 34 34
34 19 62 62 62 27 27 27 59 19 59 59 59 59 51 51
39 22 50 50 50 50 26 26 26 26 39 39 62 52 26 26
