0 0 0 0 0 0 2 2 2 4 2 4 1 2 2 3
1 1 1 1 3 1 1 1 0 0 0 6 6 6 6 6
1 1 1 1 1 0 0 0 0 0 0 0 5 5 5 4
5 5 4 4 4 4 4 0 5 5 0 0 0 5 0 5
2 2 2 2 2 3 1 1 5 5 0 0 3 3 3 3
4 4 4 3 3 3 1 7 4 6 6 7 1 1 7 7
7 4 1 1 4 3 3 3 3 3 4 4 0 4 4 3
6 6 6 1 1 1 7 7 7 0 4 0 0 5 2 2
2 2 2 2 6 6 6 6 7 6 6 5 5 5 5 5
5 7 2 2 2 3 3 3 3 2 2 2 3 5 5 5
2 6 6 3 2 2 7 7 6 2 2 2 5 5 5 5
1 2 2 2 2 2 6 3 2 0 2 5 5 5 0 4
4 0 6 4 4 4 3 4 1 1 4 4 7 6 6 4
4 4 0 0 3 0 5 0 0 0 6 6 7 7 7 7
7 7 7 4 4 5 5 5 5 6 6 3 3 3 3 3
3 6 6 6 3 3 3 3 4 3 7 5 1 1 1 4
4 4 4 4 4 4 6 6 6 8 6 8 5 6 6 7
16 16 16 16 61 16 16 27 15 15 15 13 44 44 44 44
47 47 47 47 47 46 46 46 46 46 15 46 43 43 43 42
43 43 42 42 42 42 42 36 43 63 36 36 36 63 36 63
60 60 60 60 60 51 27 27 21 21 15 15 39 39 39 39
8 8 8 7 7 7 5 55 52 44 44 45 5 5 55 55
55 52 5 5 8 51 51 51 51 51 52 52 26 52 52 61
22 22 22 59 59 59 14 14 14 58 30 26 26 31 18 18
18 18 18 18 54 54 54 54 14 22 22 53 53 53 53 53
53 23 50 50 50 61 61 61 61 50 50 50 7 31 31 31
38 54 54 39 38 38 14 14 22 38 38 38 12 12 12 12
47 28 28 28 28 60 34 7 28 36 28 31 12 12 58 30
62 58 34 62 62 62 19 30 59 59 30 30 45 34 34 30
62 62 26 26 39 26 31 58 58 58 34 34 23 23 23 23
23 45 45 20 20 21 21 21 21 13 13 29 29 19 19 19
19 13 13 13 29 29 29 19 20 29 45 63 27 27 27 20
