7 7 7 7 7 7 0 0 0 0 0 0 1 1 1 0
1 2 1 1 0 2 0 1 0 0 0 6 6 6 2 6
6 6 1 2 2 1 1 1 5 5 5 5 5 5 5 2
5 5 6 6 1 1 5 5 5 2 1 1 3 2 3 6
2 2 6 2 2 2 7 1 2 4 4 2 2 4 4 2
2 4 4 2 2 0 0 0 2 0 0 4 4 0 4 6
5 5 6 5 5 5 5 4 4 4 4 3 4 2 3 2
6 6 6 6 2 2 2 2 2 0 2 4 3 0 2 2
2 3 4 4 4 4 3 0 0 0 3 0 3 0 7 7
7 1 1 1 4 3 3 3 5 3 5 5 3 5 3 5
5 3 5 7 4 3 7 6 4 7 7 4 0 4 0 0
0 0 6 6 6 6 6 6 1 1 3 1 1 1 3 3
5 7 3 3 3 3 5 3 5 5 7 7 7 7 7 3
3 5 3 3 3 2 4 2 2 2 1 4 6 7 7 0
7 1 1 1 1 7 1 7 4 4 6 6 4 4 4 4
4 6 6 4 6 6 4 4 1 3 3 3 0 0 3 3
23 23 23 23 23 23 4 4 4 4 4 4 5 5 5 26
5 28 5 5 26 28 26 59 26 26 26 13 13 13 6 13
13 13 37 6 6 37 37 37 63 63 63 63 63 63 21 60
21 21 34 34 37 37 21 21 21 60 16 16 61 28 61 34
60 60 34 60 60 6 35 16 28 8 8 6 28 42 42 6
50 8 8 50 28 58 58 58 50 58 58 8 8 36 52 22
12 12 22 12 12 12 12 20 20 20 20 51 20 38 7 38
22 22 22 22 50 18 18 50 50 58 18 52 7 15 18 18
18 7 52 52 52 52 7 15 15 15 7 15 7 15 14 35
35 16 16 16 20 51 51 51 31 51 31 31 61 31 51 53
31 61 31 35 42 29 55 34 42 35 35 42 36 42 36 36
36 36 44 44 44 44 44 44 59 59 19 59 59 59 61 61
53 55 29 29 29 29 53 29 53 53 14 14 14 14 14 19
19 53 19 19 19 38 30 38 38 38 27 62 34 45 55 46
55 27 27 27 27 55 27 55 30 30 54 54 30 30 30 62
62 54 54 62 54 54 62 62 47 39 39 39 46 46 39 39
