1 1 0 5 1 1 1 7 1 1 2 3 7 7 0 4
7 4 2 1 4 0 2 4 5 7 4 4 4 6 5 6
3 3 1 3 2 7 6 2 3 1 1 7 6 4 3 6
5 3 7 3 5 2 2 4 1 7 3 1 1 1 1 7
6 1 1 5 5 5 3 3 7 3 7 3 4 1 5 6
3 3 2 5 7 0 6 7 1 0 6 7 0 7 3 2
2 0 2 6 0 7 5 0 3 3 2 7 3 4 6 1
5 1 4 4 4 0 4 0 5 0 0 2 1 3 5 7
5 7 0 6 4 0 0 5 6 1 0 1 4 4 2 1
2 5 7 5 1 0 5 0 7 3 0 0 0 5 2 5
3 6 5 7 2 5 4 1 3 0 3 6 1 1 5 5
1 4 5 4 2 6 1 5 5 2 3 6 2 5 5 4
2 1 3 6 6 0 6 3 3 0 1 7 5 7 2 0
5 6 0 2 3 0 0 6 6 5 7 7 7 2 0 2
6 7 2 1 6 4 2 2 6 5 6 4 0 0 2 4
3 4 4 2 6 5 4 2 4 2 2 3 5 4 3 4
37 27 58 31 59 27 27 35 59 16 28 39 14 45 58 30
45 30 18 27 52 58 50 30 21 45 20 42 30 54 43 54
51 7 59 19 6 35 54 6 39 37 5 45 34 62 51 54
21 7 45 19 12 60 6 30 16 55 29 16 16 27 59 35
34 5 47 21 12 31 19 19 55 19 55 19 52 37 12 44
39 61 18 63 35 4 54 14 5 46 34 55 46 55 39 18
18 58 38 13 15 45 53 58 7 7 28 55 7 20 54 37
12 5 20 20 20 15 62 26 31 26 4 6 27 29 53 35
53 23 15 22 30 26 26 21 22 59 36 37 20 8 38 16
18 21 35 63 59 58 63 36 23 29 36 36 36 43 60 63
29 22 53 23 60 31 62 47 39 36 39 44 47 47 43 31
5 42 43 42 38 44 47 31 63 60 61 13 6 12 63 52
6 5 7 34 34 15 22 29 51 15 16 14 53 23 28 4
21 13 46 38 29 46 46 13 34 12 23 14 14 38 15 38
44 23 18 47 44 52 60 60 22 53 22 62 26 26 50 52
61 52 62 28 44 43 62 50 8 50 28 61 43 8 51 8
