0 4 3 2 2 2 2 2 2 3 3 3 1 3 1 0
0 0 0 1 0 4 7 5 6 0 1 7 1 0 4 6
1 0 1 6 5 1 7 0 0 0 6 6 7 7 5 6
3 6 2 5 5 6 2 6 3 6 4 3 2 3 5 4
4 3 3 6 1 0 4 2 6 2 5 2 4 3 0 3
7 5 4 7 4 2 6 5 7 6 1 6 5 4 3 2
3 3 7 5 1 0 1 1 4 6 0 0 3 1 0 1
3 7 6 4 0 0 4 5 0 4 0 7 1 4 5 5
1 3 3 2 5 4 7 2 0 2 7 0 7 2 2 5
7 6 5 0 4 4 4 7 7 3 3 1 1 6 2 2
0 5 1 3 7 5 1 1 0 6 3 2 1 2 3 4
0 3 5 4 5 1 5 4 5 1 6 4 7 5 5 2
1 5 3 4 3 1 7 7 2 4 2 7 2 2 1 4
5 6 3 5 3 1 2 3 2 4 4 6 2 2 7 6
4 1 1 4 1 2 4 6 7 4 3 0 4 5 3 1
4 7 6 1 3 3 7 1 4 1 5 0 7 2 7 0
4 8 7 6 6 6 6 6 6 7 7 7 5 7 5 4
4 4 4 5 4 8 14 12 13 15 5 14 5 15 8 13
16 15 16 13 12 16 14 15 15 15 22 44 23 23 21 22
19 22 18 21 21 22 18 13 19 22 20 19 18 19 21 30
30 29 29 13 16 26 20 50 22 18 53 50 30 29 26 19
23 21 20 23 20 18 54 31 35 54 16 54 53 30 39 28
29 29 45 21 37 26 47 47 42 34 36 36 29 37 36 37
19 35 13 52 36 26 62 43 36 52 46 45 37 30 53 53
16 61 61 18 53 30 23 60 46 38 14 26 14 28 38 53
23 54 43 46 62 62 62 45 14 39 39 47 37 44 60 38
36 12 37 51 35 12 5 59 26 54 61 50 59 50 61 52
58 39 12 42 12 27 63 52 63 27 44 52 55 43 63 50
47 43 39 8 51 27 55 35 60 8 28 35 38 60 27 42
43 34 51 43 61 59 60 61 60 20 20 44 50 38 55 44
42 47 47 42 59 38 42 54 35 52 39 46 8 63 51 27
62 45 44 59 51 51 55 27 62 59 63 46 55 28 45 46
