5 0 3 0 4 6 7 7 6 0 1 5 4 4 2 3
0 2 3 7 3 6 2 3 1 6 6 0 3 5 7 1
5 0 2 3 7 1 3 3 6 3 0 1 7 5 6 2
6 6 5 4 5 3 3 6 3 5 2 5 4 1 2 1
0 7 3 4 0 5 4 4 2 4 0 2 4 4 2 6
7 3 4 4 5 6 3 6 7 5 0 5 1 1 5 2
0 0 5 5 1 1 6 2 6 2 2 1 1 0 5 1
5 5 1 1 0 5 0 0 6 1 4 6 3 3 1 2
2 5 2 2 2 3 6 5 0 2 0 0 4 2 2 2
4 5 3 5 6 5 1 2 6 3 3 3 3 6 2 6
0 4 7 7 4 3 4 3 3 6 1 2 2 2 3 1
0 3 1 4 7 3 4 5 5 7 5 7 3 3 5 5
5 0 2 1 7 1 6 7 2 4 6 4 4 0 1 0
7 5 5 7 7 7 7 7 5 5 7 7 2 2 1 0
1 1 1 7 1 4 0 7 7 2 2 4 4 5 0 1
4 4 4 1 4 4 1 4 2 2 6 6 6 4 1 4
53 4 7 58 8 13 14 23 22 15 16 21 30 20 18 29
26 60 39 35 19 44 28 39 37 34 22 36 51 43 45 47
12 15 38 19 45 5 61 29 13 61 58 27 55 31 34 60
34 44 31 52 31 29 29 44 29 21 28 43 62 47 28 47
36 45 39 8 36 43 20 30 60 42 36 38 30 30 38 34
35 7 8 30 43 34 39 34 23 12 15 43 59 59 53 18
58 58 21 31 16 16 13 28 13 28 28 16 16 15 12 37
12 21 37 37 15 31 15 36 22 5 20 13 19 51 37 18
18 43 18 18 38 39 22 31 58 38 4 4 20 50 38 50
20 21 19 63 13 21 27 50 44 19 51 19 51 44 60 44
36 20 23 23 52 7 52 51 51 54 27 50 50 50 7 27
58 39 16 42 14 29 30 53 63 23 53 14 7 7 63 53
53 4 60 37 23 27 22 35 60 52 22 52 52 4 27 4
35 63 63 35 14 35 45 45 12 12 14 14 6 6 5 26
5 5 5 45 47 62 26 55 55 6 6 62 42 63 26 59
62 62 62 47 42 42 47 42 6 6 54 54 54 8 59 8
