5 0 3 0 4 6 7 7 6 0 1 5 4 4 2 3
0 2 3 7 3 6 2 3 1 6 6 0 3 5 7 1
5 0 2 3 7 1 3 3 6 3 0 1 7 5 6 2
6 6 5 4 5 3 3 6 3 5 2 5 4 1 2 1
0 7 3 4 0 5 4 4 2 4 0 2 4 4 2 6
7 3 4 4 5 6 3 6 7 5 0 5 1 1 5 2
0 0 5 5 1 1 6 2 6 2 2 2 0 1 1 1
7 0 6 2 5 0 0 2 5 1 2 7 0 2 1 5
1 2 2 2 5 1 2 2 2 2 7 7 3 1 3 3
2 2 0 5 2 6 1 1 5 5 5 6 5 6 2 3
6 6 6 5 4 5 4 5 1 6 6 1 0 6 5 2
1 0 0 5 2 5 5 3 5 7 3 4 7 0 5 5
0 3 5 1 1 1 1 1 1 1 1 1 1 4 1 1
5 1 0 1 4 7 1 2 1 2 4 3 3 2 0 5
0 7 7 0 5 0 0 6 0 0 6 4 7 5 2 2
7 7 3 0 6 0 5 4 6 6 1 6 7 0 6 3
53 4 7 58 8 13 14 23 22 15 16 21 30 20 18 29
26 60 39 35 19 44 28 39 37 34 22 36 51 43 45 47
12 15 38 19 45 5 61 29 13 61 58 27 55 31 34 60
34 44 31 52 31 29 29 44 29 21 28 43 62 47 28 47
36 45 39 8 36 43 20 30 60 42 36 38 30 30 38 34
35 7 8 30 43 34 39 34 23 12 15 43 59 59 53 18
58 58 21 31 16 16 13 28 13 28 28 28 15 37 37 37
23 26 22 28 21 26 15 18 31 5 18 14 15 18 37 31
16 18 18 18 31 37 28 28 28 38 23 23 19 27 19 19
18 18 36 31 28 44 27 27 21 31 31 13 31 44 60 19
13 44 44 31 52 31 52 31 16 44 44 27 15 44 43 28
5 36 36 31 28 31 63 51 63 23 51 52 55 15 63 43
15 7 43 37 37 37 16 16 37 16 37 37 16 30 37 37
53 16 15 37 30 35 16 28 37 28 30 29 7 28 15 53
15 23 23 15 21 15 15 44 15 15 44 30 23 63 50 38
23 23 7 15 44 15 53 52 44 44 37 44 23 15 44 39
