7 2 0 1 7 1 1 1 0 1 0 1 1 0 0 1
1 1 0 1 0 0 0 0 1 0 0 6 6 2 0 7
2 6 7 6 6 2 2 7 4 7 6 6 2 2 2 2
3 0 0 7 2 6 7 2 0 2 3 0 6 3 3 3
3 1 3 6 3 1 2 2 2 2 2 3 2 2 6 6
0 2 2 2 5 3 1 6 6 6 3 3 1 1 6 3
3 4 5 1 6 7 1 2 4 2 0 4 6 0 0 4
7 7 4 3 3 7 3 5 5 5 7 4 4 4 7 0
0 3 2 4 3 4 4 3 4 4 7 7 4 4 3 0
3 5 3 4 3 7 1 5 7 1 7 4 4 7 5 3
1 1 4 3 7 3 5 4 4 7 6 5 7 4 5 3
5 7 7 4 2 2 7 7 7 3 5 4 5 5 5 4
2 7 2 3 7 6 3 5 5 0 3 3 6 6 5 2
2 2 1 5 6 5 2 5 2 2 4 5 6 5 4 1
4 4 2 5 4 4 5 4 5 0 0 4 0 4 5 0
0 0 5 5 4 3 1 0 0 6 1 1 1 1 5 1
14 28 26 37 45 37 47 37 26 37 26 37 37 58 26 27
16 16 58 16 58 26 26 58 16 58 58 13 13 38 36 45
6 13 45 13 13 38 38 45 8 45 13 22 38 38 18 38
51 36 36 45 18 22 35 18 36 6 51 36 22 61 61 51
51 27 51 44 51 47 18 18 6 6 28 61 6 6 22 22
36 18 28 28 21 39 47 44 22 44 19 61 47 47 44 61
61 20 12 27 44 35 47 28 62 28 46 20 44 46 46 20
55 35 8 39 39 35 29 53 12 21 35 8 42 62 23 46
46 19 50 20 19 62 20 39 62 20 23 35 62 62 19 46
19 21 19 42 39 55 27 21 23 5 55 42 42 23 21 7
27 27 8 29 14 39 21 8 8 14 34 53 23 42 63 7
53 55 14 42 50 50 23 55 55 7 53 52 63 53 12 52
50 14 60 7 14 34 7 63 63 4 29 7 34 34 12 50
60 60 16 63 34 63 60 12 60 60 30 53 34 12 30 16
30 30 50 31 52 30 31 52 31 4 15 30 4 52 31 15
4 4 31 31 52 29 59 15 15 54 5 5 5 5 43 5
