5 2 6 7 4 4 1 4 1 6 4 7 7 4 3 5
6 5 7 1 1 5 1 1 6 1 5 1 4 3 1 5
4 7 7 1 1 1 3 5 3 1 5 1 3 1 1 5
5 5 5 3 5 6 1 5 5 6 6 6 6 4 1 5
6 6 1 1 5 5 5 3 6 2 2 6 4 0 2 6
4 2 2 6 2 5 5 5 5 5 7 4 3 3 6 0
0 0 0 0 6 2 2 2 4 1 3 1 4 4 4 1
1 6 3 1 7 7 3 7 7 7 1 4 0 0 6 0
0 6 6 0 2 1 0 3 2 4 4 4 4 4 2 1
2 2 1 3 2 1 2 2 3 3 3 3 4 4 1 2
2 1 3 2 4 5 5 6 6 6 1 3 3 5 5 3
3 3 3 3 1 2 2 2 0 7 5 5 3 3 1 3
3 7 3 3 3 3 5 4 7 2 5 0 0 0 5 5
6 5 4 0 5 6 0 0 2 2 4 1 2 2 0 3
2 0 0 3 4 0 0 2 7 4 0 4 0 0 4 4
7 4 7 4 4 4 0 0 2 0 6 6 6 0 6 2
12 60 34 23 30 30 5 30 5 22 30 23 23 30 61 12
13 12 23 37 16 53 16 16 13 47 12 47 30 61 16 21
52 23 23 47 47 47 61 63 61 47 21 16 61 16 37 21
21 21 21 61 53 13 37 12 12 13 44 13 13 42 37 53
44 44 37 37 53 53 53 29 22 38 38 34 52 26 38 34
42 38 38 44 38 63 63 63 63 63 35 42 29 29 44 26
26 26 26 26 44 60 60 60 8 27 29 5 42 42 42 27
5 22 29 27 35 35 29 35 35 35 5 52 15 15 22 15
15 22 22 15 60 5 15 7 60 8 8 8 8 8 6 27
6 6 27 7 6 27 6 6 7 7 7 7 52 52 59 28
28 59 19 28 52 43 43 34 34 34 59 51 51 43 43 39
39 39 39 39 59 28 28 28 36 14 43 43 51 51 59 19
51 14 19 19 39 19 31 62 14 50 31 4 4 4 31 31
54 31 62 4 31 54 4 4 50 50 62 59 50 50 58 19
50 58 58 51 62 58 58 18 14 62 36 62 36 36 20 20
14 20 14 20 20 20 36 36 18 58 54 54 54 46 54 18
