0 0 0 0 0 0 1 1 1 1 1 1 6 7 6 7
3 1 1 1 6 0 0 7 6 7 7 7 7 4 7 7
1 1 1 1 1 1 2 1 4 2 2 2 2 2 2 3
3 5 4 2 2 3 7 3 4 2 4 4 4 2 2 4
2 2 3 4 2 6 3 3 0 0 3 5 6 6 2 6
2 7 7 1 1 1 1 0 1 1 0 0 5 7 7 7
0 4 4 4 4 4 5 5 5 5 5 0 3 0 0 0
0 6 6 6 6 5 4 0 3 4 7 7 7 7 5 5
5 3 3 5 0 7 7 5 3 3 2 2 2 2 2 2
5 5 5 5 5 7 7 7 7 7 0 0 0 0 0 4
4 4 4 4 4 0 0 0 6 6 2 2 0 4 4 4
4 6 3 3 3 3 5 5 5 5 6 3 3 1 1 1
6 6 6 1 1 2 5 4 4 4 4 4 1 1 1 3
5 3 3 3 3 3 3 3 2 2 2 2 3 2 5 2
2 2 2 2 6 6 6 6 4 4 6 4 4 4 6 0
0 0 0 0 0 3 6 3 3 3 3 3 6 6 6 1
4 4 4 4 4 4 5 5 5 5 5 5 34 14 34 14
39 16 16 16 13 36 36 45 13 45 45 45 45 8 45 23
37 59 59 59 59 59 50 59 52 38 38 38 38 38 38 19
19 21 20 60 60 29 35 39 62 60 8 8 8 50 60 8
60 60 7 8 6 13 29 29 46 46 29 12 22 22 6 44
6 23 23 47 47 47 47 46 47 47 46 46 43 23 23 23
46 20 20 20 20 20 53 53 53 53 53 58 51 58 58 58
58 44 44 44 44 21 42 58 51 42 55 55 55 55 21 21
21 51 51 21 15 55 55 53 29 29 18 18 18 18 18 18
43 43 43 43 43 35 35 35 35 35 15 15 15 15 15 30
30 30 30 30 30 36 36 36 54 54 6 6 36 42 42 42
42 44 19 19 19 19 12 12 12 12 22 51 51 27 16 16
22 22 22 27 27 6 12 62 62 62 62 62 27 27 27 39
63 7 7 39 39 7 7 7 50 50 50 50 39 28 63 28
28 28 28 28 34 34 34 34 52 52 54 52 52 52 54 26
26 26 26 26 26 61 54 61 61 61 61 61 13 13 13 16
