0 0 0 0 0 0 2 2 2 2 1 2 2 4 1 3
3 3 1 3 1 1 1 1 1 3 3 7 6 1 1 6
3 5 7 5 5 0 3 1 1 1 3 3 3 3 3 3
5 2 2 2 2 2 2 5 4 2 0 0 0 0 6 4
4 7 6 6 3 3 3 3 3 4 4 4 4 1 0 3
3 0 1 1 4 1 1 1 6 3 3 3 4 3 3 6
3 3 4 0 7 7 3 4 0 4 4 0 0 4 4 4
7 4 4 4 3 4 3 3 7 7 7 7 2 2 2 5
5 5 0 5 0 0 0 0 0 5 7 7 7 7 7 5
0 2 2 2 2 2 2 2 6 6 6 6 6 6 6 5
5 5 6 5 5 5 6 4 4 4 6 6 6 6 6 5
2 4 4 4 5 4 5 1 1 4 4 6 6 6 6 6
5 1 0 0 4 4 4 4 4 1 5 5 2 2 4 2
2 2 2 7 1 1 1 1 1 7 7 1 5 5 0 0
5 5 5 5 5 5 1 5 5 5 5 6 5 0 0 7
0 0 0 2 0 0 7 7 7 7 0 3 3 3 3 1
4 4 4 4 4 4 6 6 6 6 5 6 6 8 5 7
7 7 16 61 16 16 16 27 37 61 61 14 13 16 16 13
61 43 14 43 43 36 29 47 47 47 51 51 51 51 51 51
63 38 38 38 38 38 38 12 52 60 36 36 36 36 22 62
62 23 22 22 29 29 29 29 29 52 52 52 52 37 26 19
19 26 27 27 52 27 27 27 44 61 61 39 8 39 39 22
39 39 62 26 14 14 39 62 26 62 62 26 26 20 20 30
14 20 20 20 7 20 7 7 14 35 35 35 18 18 18 31
31 31 15 31 46 46 46 46 46 31 23 23 23 23 23 31
46 60 60 60 60 18 18 18 22 54 54 54 54 54 54 53
53 53 22 53 53 53 34 8 8 8 34 34 34 34 34 63
60 30 30 30 63 8 63 47 47 30 30 44 44 44 44 44
43 5 58 58 42 42 42 42 42 47 43 43 50 50 42 50
50 50 50 45 5 5 37 37 37 35 35 5 63 63 15 58
21 21 21 21 21 21 37 12 12 12 12 13 12 58 58 35
58 36 15 28 15 15 45 45 45 45 15 19 19 19 19 59
