7 2 2 5 1 1 0 2 0 5 5 6 5 6 6 6
6 7 5 5 5 2 2 2 6 1 0 1 1 7 4 4
1 2 5 7 4 1 5 6 5 5 5 7 2 6 5 7
6 5 7 0 0 0 1 1 2 0 0 1 1 0 1 0
4 0 0 2 4 4 4 5 4 4 2 2 2 2 0 2
0 5 0 0 6 2 2 0 2 2 0 0 0 6 3 6
6 3 3 3 3 3 6 2 2 6 0 0 0 0 7 7
7 4 5 5 5 7 4 4 0 6 6 6 5 5 5 2
7 2 2 5 1 4 5 5 4 4 2 6 4 4 4 4
4 1 1 1 1 1 3 3 7 7 4 4 4 1 3 1
1 4 4 3 2 5 2 3 3 4 3 4 4 4 3 3
3 6 6 6 7 7 7 6 4 7 3 3 3 3 3 1
5 3 3 1 3 1 1 3 6 2 2 3 3 3 3 2
2 2 2 2 2 1 1 5 1 2 3 1 1 0 0 0
0 4 4 6 4 4 4 4 0 7 1 1 0 0 1 1
1 0 0 0 0 5 1 5 5 5 3 3 5 7 3 5
23 28 28 21 5 5 4 6 4 63 63 13 63 13 13 13
13 23 63 63 63 28 28 28 13 5 4 5 5 23 52 52
5 50 53 35 52 37 21 34 21 31 21 23 18 34 21 23
34 21 23 4 4 4 37 37 6 26 26 37 37 26 37 26
8 26 26 28 8 8 8 12 8 8 6 6 6 6 15 50
15 31 15 15 22 50 50 15 50 50 15 58 58 22 7 22
22 7 7 7 7 7 22 18 18 22 58 58 58 58 35 35
35 52 12 12 31 35 62 42 36 44 34 54 31 31 31 18
35 18 18 12 16 20 12 12 52 20 60 34 52 20 20 20
20 16 16 16 16 16 61 61 14 14 62 42 42 59 51 59
59 42 42 61 60 53 60 19 19 62 19 62 62 62 19 19
19 54 54 54 14 14 14 54 42 14 51 51 51 51 51 27
53 61 61 59 61 59 59 29 54 60 60 29 29 29 29 38
38 38 38 38 38 27 27 43 27 60 29 27 27 36 36 36
36 30 30 34 30 30 30 30 36 55 47 47 46 46 47 47
47 46 46 46 46 43 47 43 43 43 39 39 43 55 39 53
