0 1 1 6 5 5 4 1 2 4 6 3 3 3 4 4
6 7 3 5 0 3 2 5 7 7 5 3 7 6 4 5
0 2 1 3 6 2 5 2 1 0 6 6 7 6 7 7
0 0 1 1 7 3 2 1 1 1 1 1 3 7 1 3
1 3 1 1 0 2 3 3 6 2 0 2 4 3 2 2
5 3 2 2 1 2 0 1 2 1 7 5 3 6 3 2
3 0 2 3 2 0 2 3 2 5 5 3 5 3 2 5
5 3 6 1 5 1 3 0 5 0 0 5 3 0 1 0
0 0 4 1 4 4 6 4 6 7 6 4 6 6 6 5
0 6 3 0 6 3 0 2 4 0 4 4 7 2 0 2
7 6 2 0 7 6 0 4 4 6 2 2 0 5 5 4
1 5 5 4 1 5 2 2 5 5 6 7 5 4 5 7
2 5 5 4 3 4 4 5 3 4 3 0 4 4 4 2
0 6 3 0 1 4 1 4 1 4 5 1 5 5 5 0
5 7 7 1 0 5 3 3 1 4 1 4 1 7 1 6
4 4 4 2 2 4 0 4 0 2 2 2 0 1 7 0
4 16 16 44 12 12 20 27 38 42 13 51 7 7 20 20
22 23 19 21 15 29 18 21 35 35 31 39 45 13 52 12
15 50 37 19 22 6 53 28 16 36 44 13 55 13 23 23
58 58 5 5 14 29 60 37 5 5 5 5 29 45 37 29
37 29 37 37 4 38 61 61 22 60 15 60 30 61 38 6
12 7 6 6 59 38 58 59 38 59 14 12 7 44 39 18
19 15 60 39 60 4 60 61 38 12 31 19 31 61 6 31
53 61 22 16 53 59 19 58 31 15 46 31 19 58 47 4
4 4 62 47 62 8 22 62 22 23 44 62 44 54 44 63
15 54 7 46 13 7 46 50 42 46 42 42 14 6 26 50
45 54 50 26 45 54 46 30 42 54 50 50 46 21 53 30
59 53 53 42 59 21 18 18 63 63 54 14 21 8 63 45
18 63 63 8 51 8 8 21 51 8 29 26 30 30 30 18
26 34 51 26 47 20 47 20 47 20 43 47 43 43 43 26
43 23 23 27 36 43 51 51 27 52 27 62 27 45 16 13
62 52 52 28 28 52 36 52 36 28 28 28 36 16 55 36
