1 1 0 5 1 1 1 7 1 1 2 3 7 7 0 4
7 4 4 4 0 3 4 2 6 4 3 7 4 6 1 5
2 3 6 7 1 5 7 1 1 7 6 3 1 5 3 3
7 5 5 0 7 4 0 0 2 7 3 3 3 3 5 4
5 3 3 7 3 6 5 2 2 5 2 4 4 5 0 3
0 3 4 6 4 6 1 1 3 0 3 5 5 0 3 1
5 3 6 0 7 1 1 3 6 0 6 0 0 0 1 2
0 2 4 2 1 1 1 5 4 0 7 6 1 3 6 4
1 0 6 2 7 7 3 5 5 2 1 6 6 1 1 3
2 5 7 4 6 6 1 3 6 1 6 5 5 5 2 7
1 6 5 5 4 4 5 0 4 6 7 1 0 1 0 1
0 6 7 5 7 7 5 7 7 3 0 2 3 4 0 3
1 0 0 3 4 3 2 4 2 4 2 7 3 4 4 4
2 6 4 5 5 7 7 0 5 5 3 1 3 2 1 2
1 5 3 0 0 5 4 2 4 2 2 4 7 0 5 0
5 4 2 2 4 4 5 4 2 5 6 4 2 2 6 6
37 27 58 31 59 27 27 35 59 16 28 39 14 45 58 30
45 30 20 52 58 39 30 50 54 30 61 45 30 44 47 43
60 19 44 55 37 12 55 47 16 55 13 19 5 53 29 19
14 21 53 46 14 62 46 46 50 55 51 29 51 7 21 20
12 39 29 45 29 34 12 38 28 12 6 62 8 63 58 51
46 51 30 22 20 44 59 47 29 15 51 63 63 46 39 47
63 29 54 58 35 59 47 19 44 15 44 58 15 36 16 38
4 28 62 28 16 37 27 21 42 46 55 54 5 51 54 52
16 15 13 38 14 23 19 43 63 38 16 34 22 59 37 19
18 63 55 62 13 13 37 61 44 37 13 53 31 43 60 45
27 54 12 53 52 20 53 36 42 54 23 59 15 47 26 27
15 22 23 31 45 23 12 35 35 61 4 60 61 8 4 7
5 4 4 7 20 39 38 8 6 8 6 35 39 42 20 52
38 13 42 43 31 35 23 36 53 21 7 5 7 28 5 60
5 31 7 4 36 21 8 60 62 6 18 62 23 36 31 36
43 8 18 60 42 42 43 52 6 21 22 52 50 18 34 22
