0 4 3 2 2 2 2 2 2 3 3 3 1 0 1 0
0 0 4 1 3 4 7 0 1 6 3 1 1 6 1 7
6 1 5 7 0 0 3 2 5 3 3 3 1 7 4 1
5 3 2 4 5 2 6 1 1 5 4 0 2 2 3 2
5 5 1 2 0 2 3 3 7 4 0 6 6 3 0 0
7 0 0 0 0 4 6 4 0 5 4 6 5 4 4 0
4 1 4 3 6 7 0 0 6 5 2 0 0 2 6 5
7 6 6 6 0 0 6 0 1 0 3 6 6 2 7 0
3 1 2 6 2 1 1 5 2 7 2 7 0 2 3 3
7 6 2 3 7 7 1 4 4 5 7 4 5 6 2 3
5 7 3 2 7 6 1 4 2 6 3 4 0 2 5 4
0 4 2 4 5 4 5 4 5 3 7 2 7 5 5 4
4 7 5 4 3 1 3 7 2 5 1 7 5 4 3 5
7 2 3 5 2 0 0 4 5 4 2 7 5 4 7 6
2 3 0 1 1 3 3 7 4 7 1 1 6 5 2 7
1 4 3 3 6 1 0 1 6 3 6 0 4 2 6 1
4 8 7 6 6 6 6 6 6 7 7 7 5 4 5 4
4 4 8 5 7 8 14 58 27 13 61 16 16 13 16 14
13 16 12 14 15 15 19 28 21 19 29 29 37 45 30 16
12 19 38 20 21 28 22 37 59 21 42 26 18 18 39 60
43 31 37 60 58 60 61 61 45 8 15 22 22 29 26 36
35 36 36 26 36 30 54 30 46 31 42 22 53 42 30 46
52 16 20 29 13 23 15 15 13 12 28 15 36 38 13 21
14 54 22 44 58 26 22 36 37 26 19 54 34 18 55 26
19 37 18 34 28 37 5 21 28 23 18 23 4 28 29 19
23 54 18 29 23 23 27 30 62 21 45 42 53 44 60 39
43 45 39 38 14 54 5 30 38 54 39 20 46 50 43 52
58 42 38 42 53 52 12 52 63 61 55 38 55 12 63 52
20 35 43 52 51 27 39 35 60 53 5 55 53 62 39 12
35 50 51 43 50 58 58 62 53 62 50 14 43 62 55 44
50 51 46 47 47 61 61 35 62 35 27 47 44 63 50 55
27 8 51 51 44 47 46 27 44 51 34 46 8 60 34 47
