5 0 3 0 4 6 7 7 6 0 1 5 4 4 2 3
0 2 3 7 3 6 6 3 7 2 7 5 4 1 0 3
1 5 1 2 1 5 5 3 3 4 4 6 1 6 7 3
0 3 7 0 5 1 1 5 5 2 2 6 1 6 3 6
6 7 1 7 7 2 3 2 7 7 0 3 3 3 3 3
0 1 1 4 4 4 4 5 6 5 5 5 1 4 4 2
2 4 4 1 5 0 5 2 2 5 4 2 2 5 4 4
7 0 6 5 0 0 0 0 3 5 0 7 7 3 2 5
2 0 4 2 2 1 5 5 1 2 2 5 6 1 2 2
6 2 0 5 7 5 1 2 5 5 0 2 2 6 2 2
2 6 5 7 2 2 1 6 1 0 3 6 6 0 6 5
0 0 3 4 3 1 3 3 3 3 3 3 5 5 3 3
3 0 6 5 4 5 6 7 2 0 7 4 5 7 1 4
7 5 1 4 4 7 2 4 0 4 4 1 5 1 7 3
4 7 1 1 1 7 7 3 7 2 2 1 7 7 6 1
4 4 7 3 4 4 4 6 0 2 0 6 6 4 6 4
53 4 7 58 8 13 14 23 22 15 16 21 30 20 18 29
26 60 39 35 19 44 34 61 23 28 35 12 52 37 36 51
47 43 37 38 16 63 31 29 61 8 42 34 5 13 35 61
15 51 45 4 21 27 27 31 31 28 28 54 27 54 39 44
44 45 47 35 45 6 7 6 45 45 36 7 7 39 7 7
4 16 16 20 20 30 30 31 44 31 31 43 5 42 20 18
6 20 20 27 43 58 43 18 50 63 8 18 18 63 62 8
23 15 22 53 15 15 15 58 51 43 58 14 14 51 28 43
38 46 62 18 28 37 21 21 37 38 60 12 22 27 38 50
22 60 58 63 14 53 27 50 21 21 36 50 50 22 60 50
38 22 53 23 38 28 5 13 16 36 39 13 13 36 13 53
58 36 19 42 39 16 29 39 19 29 29 29 12 12 19 19
19 4 44 12 30 12 44 35 60 4 14 52 53 23 37 52
23 63 5 52 30 35 60 52 4 52 30 47 63 37 55 51
42 55 47 47 47 55 55 51 55 6 6 5 55 45 54 5
62 8 14 61 42 42 62 54 26 6 26 54 54 8 34 62
