5 0 3 0 4 6 7 7 6 0 1 5 4 4 2 3
0 2 3 7 3 6 6 3 7 2 7 5 4 1 0 3
1 5 1 2 1 5 5 3 3 4 4 6 1 6 7 3
0 3 7 0 5 1 1 5 5 2 2 6 1 6 3 6
6 7 1 7 7 2 3 2 7 7 0 3 3 3 3 3
0 3 1 4 4 0 5 2 2 3 0 4 6 5 4 3
3 3 2 4 4 3 4 3 4 3 4 2 2 5 1 1
1 1 5 5 5 3 4 4 6 4 0 7 0 6 1 6
1 5 5 2 4 4 4 4 0 3 0 4 3 2 2 2
0 6 5 5 3 0 2 2 3 1 1 1 5 5 2 0
0 0 0 0 0 3 1 4 2 6 1 4 4 5 1 5
0 3 2 3 2 1 0 5 3 7 3 7 0 6 7 0
0 6 3 3 0 1 3 3 3 0 6 0 2 7 0 2
2 6 0 0 4 7 5 6 4 4 4 6 5 5 4 6
6 7 7 5 5 0 1 1 1 4 1 4 3 4 2 2
2 1 5 0 6 1 5 6 6 6 7 6 7 6 6 3
53 4 7 58 8 13 14 23 22 15 16 21 30 20 18 29
26 60 39 35 19 44 34 61 23 28 35 12 52 37 36 51
47 43 37 38 16 63 31 29 61 8 42 34 5 13 35 61
15 51 45 4 21 27 27 31 31 28 28 54 27 54 39 44
44 45 47 35 45 6 7 6 45 45 36 7 7 39 7 7
4 7 16 20 20 58 31 28 28 39 36 30 44 43 30 7
7 7 60 62 20 7 62 7 62 7 20 18 18 43 16 16
16 5 12 21 21 51 62 20 22 62 46 14 15 22 37 22
16 43 43 18 30 30 30 30 15 51 15 30 51 28 38 28
15 54 31 31 51 58 28 28 19 37 37 5 31 43 60 15
15 15 15 15 15 19 5 30 38 54 37 20 20 21 16 21
15 19 38 19 28 16 36 31 19 23 19 14 15 13 14 15
15 22 19 19 15 27 19 19 19 15 22 15 38 23 15 38
38 34 15 15 30 35 21 13 20 20 30 13 21 31 20 44
44 23 23 21 21 15 16 16 16 20 16 30 39 30 28 28
28 16 31 15 44 37 31 44 44 44 23 44 23 44 44 39
