2 2 0 3 3 3 3 1 2 1 1 1 3 2 0 0
1 3 3 3 2 2 3 0 2 3 3 2 2 2 0 0
2 3 2 3 1 2 1 3 3 1 0 2 2 0 1 1
0 0 2 2 0 3 1 3 0 3 0 2 1 0 2 2
2 2 2 3 3 3 3 3 3 0 3 1 3 0 0 0
0 2 3 0 2 0 0 0 3 0 3 2 0 2 3 3
2 2 0 0 2 2 2 0 1 1 2 1 1 2 2 3
1 1 0 0 3 0 1 2 2 3 3 2 1 1 2 2
1 0 0 2 3 3 2 2 2 3 3 3 1 1 2 2
1 2 1 1 1 1 1 0 1 0 1 1 1 0 0 0
0 0 1 3 1 3 0 0 1 3 1 0 0 3 2 2
0 1 1 3 0 3 0 1 2 0 3 0 0 1 1 0
0 0 0 1 0 0 3 3 2 3 2 2 3 2 3 2
2 0 2 3 0 2 0 0 1 0 0 1 1 1 2 2
0 1 2 1 1 1 1 1 1 1 1 3 1 1 1 1
3 1 3 3 2 3 3 0 2 0 0 1 2 0 0 1
51 20 27 56 39 37 53 29 51 29 13 31 24 33 41 12
38 30 23 55 52 58 14 44 33 53 40 52 33 52 12 27
17 56 42 30 61 35 22 62 30 15 44 52 26 12 63 16
12 44 33 49 28 40 13 37 57 55 57 42 16 57 51 58
51 19 49 21 21 24 37 37 24 25 55 38 40 25 3 3
44 42 40 3 36 44 3 60 40 3 37 42 25 42 39 24
17 20 28 28 20 20 51 28 38 38 20 29 38 36 36 21
48 15 12 28 24 59 15 36 36 56 55 58 15 29 19 58
16 43 25 17 14 30 19 17 58 23 30 23 29 48 19 19
31 17 31 31 13 47 48 59 32 43 32 15 31 43 60 59
43 57 48 23 48 14 57 25 16 21 32 18 18 21 2 2
59 16 13 14 41 23 41 32 52 60 14 60 41 13 63 50
18 60 43 32 18 27 55 53 2 53 49 33 53 2 56 2
35 18 49 56 41 35 50 50 47 50 50 47 47 47 35 35
59 63 49 45 61 61 61 54 61 63 63 62 22 22 22 22
62 45 39 39 26 39 62 27 26 27 34 54 26 34 34 45
