2 2 0 3 3 3 3 1 2 1 1 1 3 2 0 0
1 3 3 3 2 2 3 0 2 3 3 2 2 2 0 0
2 3 2 3 1 2 1 3 3 1 0 2 2 0 1 1
0 0 2 2 0 3 1 3 0 3 0 2 1 0 2 2
2 2 2 3 3 3 3 3 3 0 3 1 3 0 0 0
0 2 3 0 2 0 0 0 3 0 3 2 0 2 3 3
2 2 0 3 2 3 3 2 3 3 2 1 2 1 3 3
3 2 1 0 2 1 1 2 2 1 2 2 2 2 3 1
0 0 0 0 2 3 2 1 1 3 3 2 2 1 1 2
1 2 3 1 2 2 0 0 2 1 3 2 1 0 0 0
0 2 1 1 1 2 2 1 0 1 3 2 2 1 2 3
0 3 3 2 0 0 1 1 3 3 0 1 2 0 0 1
1 1 0 1 3 1 3 3 3 3 3 3 0 1 0 0
1 1 1 1 3 1 3 0 2 0 2 1 0 1 2 3
2 1 2 2 3 1 1 3 1 1 1 0 0 3 0 1
2 1 1 1 0 1 1 0 0 0 3 0 3 1 0 0
51 20 27 56 39 37 53 29 51 29 13 31 24 33 41 12
38 30 23 55 52 58 14 44 33 53 40 52 33 52 12 27
17 56 42 30 61 35 22 62 30 15 44 52 26 12 63 16
12 44 33 49 28 40 13 37 57 55 57 42 16 57 51 58
51 19 49 21 21 24 37 37 24 25 55 38 40 25 3 3
44 42 40 3 36 44 3 60 40 3 37 42 25 42 39 37
17 20 28 37 20 24 37 20 37 37 20 48 51 29 37 37
23 20 38 28 20 15 15 20 36 15 20 58 19 51 37 48
59 43 43 18 19 30 19 48 48 23 30 20 20 48 29 19
15 20 24 63 20 58 28 59 17 15 37 58 31 43 60 59
43 51 16 15 16 20 20 16 59 29 37 51 20 47 51 30
59 37 56 42 43 44 29 32 56 40 44 16 42 12 12 16
15 29 12 29 40 15 21 21 21 21 21 21 57 29 12 12
13 13 13 13 21 16 21 28 20 28 20 29 28 31 20 21
17 48 17 20 21 15 31 23 15 15 16 28 25 23 28 15
35 16 31 15 44 15 31 28 44 44 23 44 23 15 44 44
