1 0 0 0 0 0 1 1 0 0 0 0 0 1 1 0
0 0 1 1 1 0 1 0 1 0 1 1 0 1 0 1
1 0 1 1 1 0 0 1 1 0 1 0 0 0 0 1
1 1 1 0 0 0 0 1 1 0 0 1 1 0 0 1
1 1 1 0 0 1 0 0 1 0 0 1 0 0 1 1
0 0 1 0 0 0 0 0 0 0 1 0 0 0 1 0
0 0 0 0 0 0 0 1 1 0 1 0 1 0 1 1
1 1 1 1 0 1 1 1 1 1 1 1 0 1 0 0
1 0 1 0 1 1 0 1 1 1 0 0 0 0 1 0
0 1 0 1 1 0 0 1 0 0 1 0 0 0 0 0
1 0 0 0 1 0 0 0 0 0 0 0 0 0 1 1
0 0 0 1 1 0 1 1 1 0 1 0 0 0 1 0
0 0 0 1 0 0 0 0 1 0 1 0 1 0 1 0
1 1 1 0 1 1 0 1 0 1 0 0 1 1 1 1
0 0 0 1 0 1 0 0 0 0 0 0 1 0 0 0
0 0 1 0 1 1 1 0 1 1 1 1 0 0 1 0
36 76 76 72 67 76 108 52 98 107 65 17 100 129 48 33
96 89 106 20 9 72 90 72 48 128 66 20 128 43 76 48
88 60 41 25 27 51 98 108 50 58 52 74 10 17 49 73
68 34 66 65 51 100 91 16 66 40 98 25 73 44 72 75
120 50 50 35 58 41 58 44 18 98 35 106 35 49 83 52
28 35 83 107 24 56 139 146 58 107 41 139 146 24 16 107
146 60 146 146 72 17 146 16 66 146 48 139 99 146 59 59
129 68 97 68 8 97 88 97 88 97 92 97 33 88 28 139
41 72 97 76 50 66 116 66 27 27 26 60 26 146 68 10
67 34 100 75 18 19 44 99 8 100 68 67 67 72 100 67
59 112 10 146 41 19 10 139 60 112 60 60 26 35 99 50
26 114 40 68 48 26 106 88 106 84 88 26 26 26 106 84
26 19 33 48 26 26 33 33 88 26 36 26 97 146 34 40
48 34 48 26 50 97 40 48 19 48 139 49 48 48 50 48
10 107 28 64 144 50 107 60 67 26 24 26 20 67 84 24
67 24 97 26 97 97 97 28 59 34 36 34 28 26 147 84
