1 0 1 0 1 0 1 0 0 1 0 0 1 0 0 0
1 1 0 0 0 1 1 0 1 0 1 0 1 1 1 0
0 0 1 0 1 1 1 0 0 1 0 1 1 0 1 0
0 1 1 1 1 0 0 1 0 1 0 0 1 0 1 1
1 1 1 0 1 1 1 1 0 0 0 1 1 0 0 0
0 0 0 1 1 1 0 0 0 1 0 1 1 0 1 1
1 0 0 0 0 0 0 0 1 1 0 1 1 1 1 0
0 1 1 1 1 1 0 0 1 1 0 1 0 0 0 0
0 1 1 0 0 1 1 0 0 0 1 0 0 0 0 0
1 0 1 0 0 1 0 0 0 1 1 0 0 0 0 0
0 0 1 0 1 0 1 0 0 1 1 1 1 1 1 0
1 1 1 0 0 0 0 0 1 1 0 1 0 0 0 1
0 1 1 0 0 1 0 1 1 1 1 1 0 1 1 1
1 1 1 0 0 1 1 0 1 1 0 0 0 1 1 0
0 0 0 0 1 1 1 0 1 0 1 1 0 0 0 0
1 1 0 0 1 1 1 0 1 1 1 1 1 1 1 1
28 36 22 21 12 50 63 31 50 55 13 60 51 7 21 19
24 45 5 42 46 18 14 38 35 48 20 48 24 41 51 36
44 7 41 19 41 41 6 13 56 8 56 20 26 27 43 31
54 20 53 10 6 9 27 30 36 55 36 23 35 31 28 45
41 61 43 44 59 59 8 61 19 58 15 43 22 50 38 54
54 42 21 24 24 14 54 56 50 12 56 55 26 56 14 6
6 58 42 27 15 38 38 15 16 63 13 63 30 30 30 13
31 26 22 24 6 20 50 36 51 20 58 14 15 25 40 21
21 43 43 54 40 8 16 62 3 3 45 62 13 52 44 52
61 17 18 62 40 8 27 27 62 10 37 17 11 44 60 40
3 40 51 23 45 11 18 62 42 18 16 37 22 45 59 42
59 30 47 60 60 3 23 60 63 14 31 59 15 5 19 16
17 35 26 48 23 28 38 18 39 8 37 35 5 26 12 61
53 63 51 52 3 35 12 17 47 28 23 29 58 16 55 44
5 48 17 5 12 4 61 58 37 52 28 47 25 46 19 9
53 55 7 11 57 57 53 52 39 37 49 49 53 49 4 49
