1 1 1 1 0 0 1 0 1 1 0 1 0 1 1 0
1 1 0 0 1 0 1 1 0 1 1 1 1 0 1 0
1 0 0 1 1 0 0 0 1 1 0 0 1 0 1 0
0 0 1 0 1 0 0 0 0 1 0 1 0 0 1 1
0 0 0 1 0 1 0 1 1 1 1 1 1 0 0 0
1 0 1 1 1 0 1 1 0 1 1 1 1 1 1 1
0 0 0 0 1 0 1 0 1 0 1 1 1 1 0 0
1 1 1 1 1 1 0 1 0 0 1 1 0 1 1 0
1 1 0 0 1 0 1 0 0 1 1 0 1 0 0 1
0 0 0 1 0 0 1 0 0 0 0 0 0 0 0 1
0 1 0 0 0 0 0 0 1 0 0 1 1 0 0 1
1 0 0 0 1 1 1 1 0 0 0 1 0 1 1 1
1 0 1 1 0 0 1 0 0 0 1 0 0 1 1 1
0 1 1 0 0 0 1 0 0 1 1 0 0 0 0 0
0 1 0 1 1 1 0 0 1 0 1 0 1 1 1 0
0 1 1 1 1 0 1 0 0 0 1 0 1 1 1 1
22 35 35 20 3 44 28 11 59 57 38 24 36 24 47 25
12 6 7 56 20 29 14 57 60 10 51 6 45 62 63 54
55 36 3 55 35 23 44 27 55 8 17 31 55 31 55 19
42 5 8 52 12 31 3 54 31 47 36 39 31 13 39 24
3 3 15 57 13 8 15 39 24 30 30 63 30 7 7 42
41 7 30 39 20 11 37 20 50 28 37 30 37 24 39 37
38 58 38 38 35 23 18 23 14 19 20 18 18 43 56 38
43 35 43 18 43 37 19 18 17 17 53 53 19 51 53 48
53 43 29 60 28 29 57 17 58 51 4 11 4 48 42 51
15 21 58 49 17 11 53 36 21 21 25 15 36 15 60 28
48 57 48 23 40 11 5 7 16 29 21 49 49 21 48 28
59 44 44 42 41 16 41 16 25 60 25 14 25 16 14 16
12 60 12 12 40 27 22 19 50 44 49 52 40 49 41 14
13 63 51 23 40 58 41 13 40 4 4 5 50 52 52 50
50 22 5 47 47 4 13 58 22 52 6 5 8 63 10 9
29 45 10 59 8 42 45 9 9 9 22 9 10 10 59 45
