1 1 1 1 0 0 1 0 1 1 0 1 0 1 1 0
1 1 0 0 1 0 1 1 0 1 1 1 1 0 1 0
1 0 0 1 1 0 0 0 1 1 0 0 1 0 1 0
0 0 1 0 1 0 0 0 0 1 1 1 0 1 1 1
1 1 1 1 0 1 1 0 0 0 1 1 1 1 1 1
1 1 1 1 1 0 0 0 0 0 1 0 0 0 0 1
0 0 0 0 0 0 1 0 0 0 0 1 1 0 0 0
0 0 1 0 1 0 1 0 0 0 1 0 0 1 1 1
1 1 1 1 1 0 0 0 1 0 1 0 1 1 0 1
0 0 0 0 1 0 0 1 0 0 0 0 0 0 0 1
0 0 1 0 0 0 0 0 0 0 1 0 0 0 0 0
0 0 0 0 1 0 0 0 0 0 0 1 0 0 1 0
0 0 1 0 0 0 0 0 0 0 1 0 0 0 0 0
0 0 0 0 1 1 0 1 0 0 0 1 0 0 1 0
1 0 0 1 0 0 0 0 0 0 1 0 0 1 0 0
1 1 0 0 0 0 0 0 0 1 0 0 1 0 0 0
22 35 35 20 3 44 28 11 59 57 38 24 36 24 47 25
12 6 7 56 20 29 14 57 60 10 51 6 45 62 63 54
55 36 3 55 35 23 44 27 55 8 17 31 55 31 55 19
42 5 8 52 12 31 3 54 31 55 47 39 38 10 28 10
39 24 30 30 11 24 30 7 7 58 37 30 30 37 20 20
39 16 30 20 30 38 58 23 42 23 37 42 38 56 23 20
15 11 38 38 38 56 43 23 7 7 7 37 18 38 21 21
48 15 22 17 20 15 37 17 17 17 20 25 15 30 20 30
16 43 43 18 24 29 7 29 14 19 30 11 20 28 29 14
31 21 7 31 16 11 48 28 21 21 48 15 31 44 60 28
48 40 16 15 40 11 40 15 38 36 57 48 15 21 48 52
15 36 44 23 28 23 11 48 25 23 44 16 15 40 20 15
15 11 43 48 40 15 19 19 60 48 22 15 38 23 15 52
23 15 15 15 30 35 23 20 11 15 23 57 7 31 20 21
20 48 17 16 21 15 31 23 38 15 16 23 25 63 50 38
49 16 7 15 21 15 31 52 23 16 23 23 16 15 23 19
