1 0 0 0 0 0 1 1 0 0 0 0 0 1 1 0
0 0 1 1 0 1 1 1 0 1 1 0 1 1 1 0
0 0 0 1 1 0 1 0 0 1 0 0 0 1 1 0
0 1 1 1 0 0 1 0 0 1 1 0 0 1 0 1
0 0 0 0 0 1 1 0 1 0 0 1 0 0 0 1
1 1 1 0 1 1 0 0 0 0 1 1 1 0 0 1
1 1 1 0 1 0 0 0 1 1 0 0 0 0 1 0
1 0 1 0 0 0 0 0 1 1 1 1 0 1 0 1
1 0 1 1 0 1 0 0 0 1 1 1 1 1 1 1
0 1 0 0 0 0 0 1 1 1 0 0 0 1 0 0
1 0 1 0 0 1 0 1 0 0 1 1 1 1 1 0
1 1 1 1 1 0 1 1 0 1 0 1 1 0 1 0
0 1 1 1 0 0 0 1 1 0 1 1 0 1 0 0
0 1 0 0 1 0 0 0 0 0 1 1 1 0 1 1
1 1 1 1 1 1 1 0 1 1 1 0 1 0 1 0
0 0 1 1 1 1 0 1 1 0 1 1 1 0 0 0
36 76 76 72 67 76 108 52 98 107 65 17 100 129 48 84
35 67 66 20 8 113 75 106 58 73 52 137 138 138 138 72
100 51 128 32 68 146 75 49 42 52 58 146 146 113 106 100
35 75 97 83 74 107 59 91 35 41 34 8 8 97 65 59
72 65 49 74 91 41 25 139 18 98 139 18 24 139 84 16
68 73 83 98 41 73 60 107 74 24 27 83 18 42 116 27
92 147 34 10 147 96 19 19 34 147 96 96 19 84 99 60
68 10 16 89 60 28 26 28 50 88 50 99 26 88 28 50
99 40 97 32 26 16 67 42 144 64 145 145 145 20 64 113
51 115 12 51 24 12 44 59 48 48 33 10 112 57 144 33
64 112 88 40 49 115 89 115 112 91 4 32 4 27 66 44
92 92 66 25 25 3 106 122 58 122 116 9 104 123 122 12
33 36 43 140 3 44 3 140 4 89 36 20 123 140 17 144
116 57 130 56 9 123 114 17 130 56 9 57 136 130 120 136
120 90 90 90 11 131 120 56 104 131 129 105 131 105 104 114
105 114 124 11 11 124 132 129 43 40 43 124 136 132 132 137
