1 0 0 0 0 0 1 1 0 0 0 0 0 1 1 0
0 0 1 1 0 1 1 1 0 1 1 0 1 1 1 1
1 1 0 0 0 0 0 1 1 1 0 0 1 1 1 1
1 0 0 1 0 1 1 0 0 1 0 0 1 1 0 0
1 0 0 1 0 1 1 0 1 1 1 1 0 0 0 0
1 1 0 0 1 0 0 1 1 1 0 0 1 0 1 0
1 1 0 0 1 0 0 1 1 1 0 0 1 1 0 0
0 0 0 0 1 1 0 1 1 0 1 1 1 1 0 1
1 1 1 1 1 0 1 1 1 1 1 0 1 0 1 0
0 0 1 1 0 1 0 1 0 1 0 0 0 0 0 1
1 1 0 0 0 0 0 1 0 0 1 1 0 0 0 1
0 1 1 1 1 0 1 1 1 1 1 1 1 1 1 1
1 1 1 1 1 0 0 1 1 1 1 1 1 0 1 1
0 1 1 1 1 0 0 1 1 1 1 1 0 1 1 0
1 0 0 0 0 0 0 1 1 0 1 1 0 1 0 1
0 0 0 0 1 1 1 0 1 1 1 1 1 1 1 1
36 76 76 72 67 76 108 52 98 107 65 17 100 129 48 84
35 67 66 20 8 113 75 106 58 73 52 137 138 138 138 138
138 138 72 100 100 49 114 25 43 113 89 33 104 113 106 90
34 24 132 16 35 68 36 146 146 92 146 146 52 11 35 107
66 100 19 97 19 73 75 74 41 27 59 27 35 49 98 8
73 27 112 98 138 98 139 99 75 41 44 19 41 139 138 8
106 147 100 146 147 146 146 50 88 50 76 60 57 41 60 60
49 60 60 89 41 48 146 59 50 28 34 25 48 88 28 147
27 147 147 147 66 40 147 147 83 147 50 19 66 146 68 114
51 114 68 83 24 9 44 59 72 97 49 49 49 72 100 48
97 97 24 146 49 107 107 50 107 112 52 50 26 74 107 50
26 66 66 68 48 40 106 88 106 66 88 66 66 66 106 88
88 97 97 113 66 26 33 97 88 73 88 88 97 146 73 64
116 120 4 73 50 116 146 73 66 66 50 97 12 97 97 146
68 146 146 146 76 26 146 113 64 26 20 113 146 138 84 64
74 74 112 26 97 97 97 100 138 113 113 73 97 97 147 138
